% # columns="iteration, evaluation, min max(neg(.)) min(pos(.)) max correlation, correlation matrix principal axes lengths  (sorted square roots of eigenvalues of correlation matrix)", seed=482608, Mon Oct 13 21:19:36 2025
1 13 -0.020666857045793102 -0.004084463581956924 0.003808778476624663 0.02608386223761333 0.9648685908323884 0.969687523783314 0.977883953648395 0.9865032648060064 0.9945681996895466 0.9959758964242791 0.9974986401552981 0.9982488243457194 0.9988890944067729 0.9991501654479062 0.9999296523680041 1.0004151592186885 1.0011966896592566 1.0014927470843435 1.0021685170640349 1.0024180774238147 1.0038480377092895 1.0039759124922716 1.0064076151091952 1.0072192689783916 1.0099020343887573 1.0146481560390042 1.0174842989264552 1.042881365038405
2 26 -0.027755884658396773 -0.005480167225830652 0.004958332789718771 0.03399994882100684 0.9648685908323884 0.969687523783314 0.977883953648395 0.9865032648060064 0.9945681996895466 0.9959758964242791 0.9974986401552981 0.9982488243457194 0.9988890944067729 0.9991501654479062 0.9999296523680041 1.0004151592186885 1.0011966896592566 1.0014927470843435 1.0021685170640349 1.0024180774238147 1.0038480377092895 1.0039759124922716 1.0064076151091952 1.0072192689783916 1.0099020343887573 1.0146481560390042 1.0174842989264552 1.042881365038405
3 39 -0.03680718841596896 -0.006171402779674097 0.007077123935100424 0.04004608897953799 0.9648685908323884 0.969687523783314 0.977883953648395 0.9865032648060064 0.9945681996895466 0.9959758964242791 0.9974986401552981 0.9982488243457194 0.9988890944067729 0.9991501654479062 0.9999296523680041 1.0004151592186885 1.0011966896592566 1.0014927470843435 1.0021685170640349 1.0024180774238147 1.0038480377092895 1.0039759124922716 1.0064076151091952 1.0072192689783916 1.0099020343887573 1.0146481560390042 1.0174842989264552 1.042881365038405
4 52 -0.04774056458240114 -0.0074501009441744065 0.007699561597217391 0.03940866986661268 0.9648685908323884 0.969687523783314 0.977883953648395 0.9865032648060064 0.9945681996895466 0.9959758964242791 0.9974986401552981 0.9982488243457194 0.9988890944067729 0.9991501654479062 0.9999296523680041 1.0004151592186885 1.0011966896592566 1.0014927470843435 1.0021685170640349 1.0024180774238147 1.0038480377092895 1.0039759124922716 1.0064076151091952 1.0072192689783916 1.0099020343887573 1.0146481560390042 1.0174842989264552 1.042881365038405
5 65 -0.05000271055462035 -0.008670960041701307 0.008559761590367972 0.040458697364964546 0.9648685908323884 0.969687523783314 0.977883953648395 0.9865032648060064 0.9945681996895466 0.9959758964242791 0.9974986401552981 0.9982488243457194 0.9988890944067729 0.9991501654479062 0.9999296523680041 1.0004151592186885 1.0011966896592566 1.0014927470843435 1.0021685170640349 1.0024180774238147 1.0038480377092895 1.0039759124922716 1.0064076151091952 1.0072192689783916 1.0099020343887573 1.0146481560390042 1.0174842989264552 1.042881365038405
6 78 -0.050265274319908786 -0.009050530625145992 0.008896918706986431 0.0462271301027614 0.9648685908323884 0.969687523783314 0.977883953648395 0.9865032648060064 0.9945681996895466 0.9959758964242791 0.9974986401552981 0.9982488243457194 0.9988890944067729 0.9991501654479062 0.9999296523680041 1.0004151592186885 1.0011966896592566 1.0014927470843435 1.0021685170640349 1.0024180774238147 1.0038480377092895 1.0039759124922716 1.0064076151091952 1.0072192689783916 1.0099020343887573 1.0146481560390042 1.0174842989264552 1.042881365038405
7 91 -0.059555004958943975 -0.01079050598503892 0.011064775341071642 0.0602296094906914 0.9648685908323884 0.969687523783314 0.977883953648395 0.9865032648060064 0.9945681996895466 0.9959758964242791 0.9974986401552981 0.9982488243457194 0.9988890944067729 0.9991501654479062 0.9999296523680041 1.0004151592186885 1.0011966896592566 1.0014927470843435 1.0021685170640349 1.0024180774238147 1.0038480377092895 1.0039759124922716 1.0064076151091952 1.0072192689783916 1.0099020343887573 1.0146481560390042 1.0174842989264552 1.042881365038405
8 104 -0.062156015048505354 -0.012662496478612548 0.01338270919846392 0.0605400883966126 0.9648685908323884 0.969687523783314 0.977883953648395 0.9865032648060064 0.9945681996895466 0.9959758964242791 0.9974986401552981 0.9982488243457194 0.9988890944067729 0.9991501654479062 0.9999296523680041 1.0004151592186885 1.0011966896592566 1.0014927470843435 1.0021685170640349 1.0024180774238147 1.0038480377092895 1.0039759124922716 1.0064076151091952 1.0072192689783916 1.0099020343887573 1.0146481560390042 1.0174842989264552 1.042881365038405
9 117 -0.06847750927995717 -0.013816241187004596 0.013042834929215142 0.059523794681825636 0.9648685908323884 0.969687523783314 0.977883953648395 0.9865032648060064 0.9945681996895466 0.9959758964242791 0.9974986401552981 0.9982488243457194 0.9988890944067729 0.9991501654479062 0.9999296523680041 1.0004151592186885 1.0011966896592566 1.0014927470843435 1.0021685170640349 1.0024180774238147 1.0038480377092895 1.0039759124922716 1.0064076151091952 1.0072192689783916 1.0099020343887573 1.0146481560390042 1.0174842989264552 1.042881365038405
10 130 -0.06939079183771868 -0.014569949594571828 0.012703023488401752 0.0784378290497528 0.9648685908323884 0.969687523783314 0.977883953648395 0.9865032648060064 0.9945681996895466 0.9959758964242791 0.9974986401552981 0.9982488243457194 0.9988890944067729 0.9991501654479062 0.9999296523680041 1.0004151592186885 1.0011966896592566 1.0014927470843435 1.0021685170640349 1.0024180774238147 1.0038480377092895 1.0039759124922716 1.0064076151091952 1.0072192689783916 1.0099020343887573 1.0146481560390042 1.0174842989264552 1.042881365038405
11 143 -0.06469375502647086 -0.01763137122117278 0.013763112435606226 0.08542382119238846 0.9648685908323884 0.969687523783314 0.977883953648395 0.9865032648060064 0.9945681996895466 0.9959758964242791 0.9974986401552981 0.9982488243457194 0.9988890944067729 0.9991501654479062 0.9999296523680041 1.0004151592186885 1.0011966896592566 1.0014927470843435 1.0021685170640349 1.0024180774238147 1.0038480377092895 1.0039759124922716 1.0064076151091952 1.0072192689783916 1.0099020343887573 1.0146481560390042 1.0174842989264552 1.042881365038405
12 156 -0.07562836943490758 -0.018017135367689972 0.011903410796196378 0.08184910996706488 0.9648685908323884 0.969687523783314 0.977883953648395 0.9865032648060064 0.9945681996895466 0.9959758964242791 0.9974986401552981 0.9982488243457194 0.9988890944067729 0.9991501654479062 0.9999296523680041 1.0004151592186885 1.0011966896592566 1.0014927470843435 1.0021685170640349 1.0024180774238147 1.0038480377092895 1.0039759124922716 1.0064076151091952 1.0072192689783916 1.0099020343887573 1.0146481560390042 1.0174842989264552 1.042881365038405
13 169 -0.067848755108656 -0.019186798915036347 0.012954464263619576 0.08369828754572065 0.9648685908323884 0.969687523783314 0.977883953648395 0.9865032648060064 0.9945681996895466 0.9959758964242791 0.9974986401552981 0.9982488243457194 0.9988890944067729 0.9991501654479062 0.9999296523680041 1.0004151592186885 1.0011966896592566 1.0014927470843435 1.0021685170640349 1.0024180774238147 1.0038480377092895 1.0039759124922716 1.0064076151091952 1.0072192689783916 1.0099020343887573 1.0146481560390042 1.0174842989264552 1.042881365038405
14 182 -0.09344267938475391 -0.020204397336976297 0.015038812457502777 0.08715925141469218 0.9648685908323884 0.969687523783314 0.977883953648395 0.9865032648060064 0.9945681996895466 0.9959758964242791 0.9974986401552981 0.9982488243457194 0.9988890944067729 0.9991501654479062 0.9999296523680041 1.0004151592186885 1.0011966896592566 1.0014927470843435 1.0021685170640349 1.0024180774238147 1.0038480377092895 1.0039759124922716 1.0064076151091952 1.0072192689783916 1.0099020343887573 1.0146481560390042 1.0174842989264552 1.042881365038405
15 195 -0.09677809290077831 -0.02089322892929916 0.015189962157243235 0.09239648193565571 0.9648685908323884 0.969687523783314 0.977883953648395 0.9865032648060064 0.9945681996895466 0.9959758964242791 0.9974986401552981 0.9982488243457194 0.9988890944067729 0.9991501654479062 0.9999296523680041 1.0004151592186885 1.0011966896592566 1.0014927470843435 1.0021685170640349 1.0024180774238147 1.0038480377092895 1.0039759124922716 1.0064076151091952 1.0072192689783916 1.0099020343887573 1.0146481560390042 1.0174842989264552 1.042881365038405
16 208 -0.09934038498639895 -0.02312771693666594 0.01644442496186562 0.09694921908107137 0.9648685908323884 0.969687523783314 0.977883953648395 0.9865032648060064 0.9945681996895466 0.9959758964242791 0.9974986401552981 0.9982488243457194 0.9988890944067729 0.9991501654479062 0.9999296523680041 1.0004151592186885 1.0011966896592566 1.0014927470843435 1.0021685170640349 1.0024180774238147 1.0038480377092895 1.0039759124922716 1.0064076151091952 1.0072192689783916 1.0099020343887573 1.0146481560390042 1.0174842989264552 1.042881365038405
17 221 -0.09906719970182179 -0.023908376143823788 0.017719804883835677 0.08928916764682807 0.9648685908323884 0.969687523783314 0.977883953648395 0.9865032648060064 0.9945681996895466 0.9959758964242791 0.9974986401552981 0.9982488243457194 0.9988890944067729 0.9991501654479062 0.9999296523680041 1.0004151592186885 1.0011966896592566 1.0014927470843435 1.0021685170640349 1.0024180774238147 1.0038480377092895 1.0039759124922716 1.0064076151091952 1.0072192689783916 1.0099020343887573 1.0146481560390042 1.0174842989264552 1.042881365038405
18 234 -0.10723101088219968 -0.023650520035562103 0.017825495871584916 0.09864611998624967 0.9648685908323884 0.969687523783314 0.977883953648395 0.9865032648060064 0.9945681996895466 0.9959758964242791 0.9974986401552981 0.9982488243457194 0.9988890944067729 0.9991501654479062 0.9999296523680041 1.0004151592186885 1.0011966896592566 1.0014927470843435 1.0021685170640349 1.0024180774238147 1.0038480377092895 1.0039759124922716 1.0064076151091952 1.0072192689783916 1.0099020343887573 1.0146481560390042 1.0174842989264552 1.042881365038405
19 247 -0.11293362342546436 -0.024764626519398793 0.020395440946300386 0.09993741948018421 0.9648685908323884 0.969687523783314 0.977883953648395 0.9865032648060064 0.9945681996895466 0.9959758964242791 0.9974986401552981 0.9982488243457194 0.9988890944067729 0.9991501654479062 0.9999296523680041 1.0004151592186885 1.0011966896592566 1.0014927470843435 1.0021685170640349 1.0024180774238147 1.0038480377092895 1.0039759124922716 1.0064076151091952 1.0072192689783916 1.0099020343887573 1.0146481560390042 1.0174842989264552 1.042881365038405
20 260 -0.10256413886371106 -0.026129848467511808 0.02069794121091074 0.097327222266791 0.9648685908323884 0.969687523783314 0.977883953648395 0.9865032648060064 0.9945681996895466 0.9959758964242791 0.9974986401552981 0.9982488243457194 0.9988890944067729 0.9991501654479062 0.9999296523680041 1.0004151592186885 1.0011966896592566 1.0014927470843435 1.0021685170640349 1.0024180774238147 1.0038480377092895 1.0039759124922716 1.0064076151091952 1.0072192689783916 1.0099020343887573 1.0146481560390042 1.0174842989264552 1.042881365038405
21 273 -0.10263697124251239 -0.026141767962908354 0.018349147998211066 0.09103277921818277 0.9648685908323884 0.969687523783314 0.977883953648395 0.9865032648060064 0.9945681996895466 0.9959758964242791 0.9974986401552981 0.9982488243457194 0.9988890944067729 0.9991501654479062 0.9999296523680041 1.0004151592186885 1.0011966896592566 1.0014927470843435 1.0021685170640349 1.0024180774238147 1.0038480377092895 1.0039759124922716 1.0064076151091952 1.0072192689783916 1.0099020343887573 1.0146481560390042 1.0174842989264552 1.042881365038405
22 286 -0.10163586148372897 -0.02611424881779182 0.018236598249499365 0.09809702213071719 0.9648685908323884 0.969687523783314 0.977883953648395 0.9865032648060064 0.9945681996895466 0.9959758964242791 0.9974986401552981 0.9982488243457194 0.9988890944067729 0.9991501654479062 0.9999296523680041 1.0004151592186885 1.0011966896592566 1.0014927470843435 1.0021685170640349 1.0024180774238147 1.0038480377092895 1.0039759124922716 1.0064076151091952 1.0072192689783916 1.0099020343887573 1.0146481560390042 1.0174842989264552 1.042881365038405
23 299 -0.10619484647638307 -0.026641326846342194 0.02013763740713661 0.09579825873493078 0.9648685908323884 0.969687523783314 0.977883953648395 0.9865032648060064 0.9945681996895466 0.9959758964242791 0.9974986401552981 0.9982488243457194 0.9988890944067729 0.9991501654479062 0.9999296523680041 1.0004151592186885 1.0011966896592566 1.0014927470843435 1.0021685170640349 1.0024180774238147 1.0038480377092895 1.0039759124922716 1.0064076151091952 1.0072192689783916 1.0099020343887573 1.0146481560390042 1.0174842989264552 1.042881365038405
24 312 -0.102142709509581 -0.027305018865428285 0.022064463602850838 0.0940760397469253 0.9648685908323884 0.969687523783314 0.977883953648395 0.9865032648060064 0.9945681996895466 0.9959758964242791 0.9974986401552981 0.9982488243457194 0.9988890944067729 0.9991501654479062 0.9999296523680041 1.0004151592186885 1.0011966896592566 1.0014927470843435 1.0021685170640349 1.0024180774238147 1.0038480377092895 1.0039759124922716 1.0064076151091952 1.0072192689783916 1.0099020343887573 1.0146481560390042 1.0174842989264552 1.042881365038405
25 325 -0.10498490604996015 -0.02755862840739063 0.021521601761110717 0.09587620418011793 0.8626042867219964 0.8735335750761619 0.896230081850054 0.906410024379572 0.914847071668309 0.9250680038343913 0.933843074948888 0.9403726273449762 0.9509526206194834 0.9587312737098579 0.970182192979373 0.9774399296425821 1.0023556012968355 1.007270622509963 1.017528432217319 1.021107895650757 1.0356916640873466 1.0421059195663174 1.0517770707964993 1.0587395748074642 1.0897697767989276 1.1030452224157703 1.1397984340496972 1.2297466771226024
26 338 -0.10087042310508013 -0.027397169375844323 0.021929782848440174 0.09406844250688236 0.8626042867219964 0.8735335750761619 0.896230081850054 0.906410024379572 0.914847071668309 0.9250680038343913 0.933843074948888 0.9403726273449762 0.9509526206194834 0.9587312737098579 0.970182192979373 0.9774399296425821 1.0023556012968355 1.007270622509963 1.017528432217319 1.021107895650757 1.0356916640873466 1.0421059195663174 1.0517770707964993 1.0587395748074642 1.0897697767989276 1.1030452224157703 1.1397984340496972 1.2297466771226024
27 351 -0.1060885142844869 -0.02925147223787066 0.022262131691331767 0.09026911155227241 0.8626042867219964 0.8735335750761619 0.896230081850054 0.906410024379572 0.914847071668309 0.9250680038343913 0.933843074948888 0.9403726273449762 0.9509526206194834 0.9587312737098579 0.970182192979373 0.9774399296425821 1.0023556012968355 1.007270622509963 1.017528432217319 1.021107895650757 1.0356916640873466 1.0421059195663174 1.0517770707964993 1.0587395748074642 1.0897697767989276 1.1030452224157703 1.1397984340496972 1.2297466771226024
28 364 -0.10767428974642695 -0.028298224611802446 0.024033065499130646 0.08871504274167281 0.8626042867219964 0.8735335750761619 0.896230081850054 0.906410024379572 0.914847071668309 0.9250680038343913 0.933843074948888 0.9403726273449762 0.9509526206194834 0.9587312737098579 0.970182192979373 0.9774399296425821 1.0023556012968355 1.007270622509963 1.017528432217319 1.021107895650757 1.0356916640873466 1.0421059195663174 1.0517770707964993 1.0587395748074642 1.0897697767989276 1.1030452224157703 1.1397984340496972 1.2297466771226024
29 377 -0.11613726880074962 -0.029496819577935582 0.023963073981545 0.09351529918959954 0.8626042867219964 0.8735335750761619 0.896230081850054 0.906410024379572 0.914847071668309 0.9250680038343913 0.933843074948888 0.9403726273449762 0.9509526206194834 0.9587312737098579 0.970182192979373 0.9774399296425821 1.0023556012968355 1.007270622509963 1.017528432217319 1.021107895650757 1.0356916640873466 1.0421059195663174 1.0517770707964993 1.0587395748074642 1.0897697767989276 1.1030452224157703 1.1397984340496972 1.2297466771226024
30 390 -0.1140424737270066 -0.028952980457707448 0.02394736186543462 0.09297420663994412 0.8626042867219964 0.8735335750761619 0.896230081850054 0.906410024379572 0.914847071668309 0.9250680038343913 0.933843074948888 0.9403726273449762 0.9509526206194834 0.9587312737098579 0.970182192979373 0.9774399296425821 1.0023556012968355 1.007270622509963 1.017528432217319 1.021107895650757 1.0356916640873466 1.0421059195663174 1.0517770707964993 1.0587395748074642 1.0897697767989276 1.1030452224157703 1.1397984340496972 1.2297466771226024
31 403 -0.11621690219870585 -0.02969052610431811 0.025471138254978376 0.1070375956601535 0.8626042867219964 0.8735335750761619 0.896230081850054 0.906410024379572 0.914847071668309 0.9250680038343913 0.933843074948888 0.9403726273449762 0.9509526206194834 0.9587312737098579 0.970182192979373 0.9774399296425821 1.0023556012968355 1.007270622509963 1.017528432217319 1.021107895650757 1.0356916640873466 1.0421059195663174 1.0517770707964993 1.0587395748074642 1.0897697767989276 1.1030452224157703 1.1397984340496972 1.2297466771226024
32 416 -0.12737727426082565 -0.031923048793550034 0.023124172800740583 0.10515389648068699 0.8626042867219964 0.8735335750761619 0.896230081850054 0.906410024379572 0.914847071668309 0.9250680038343913 0.933843074948888 0.9403726273449762 0.9509526206194834 0.9587312737098579 0.970182192979373 0.9774399296425821 1.0023556012968355 1.007270622509963 1.017528432217319 1.021107895650757 1.0356916640873466 1.0421059195663174 1.0517770707964993 1.0587395748074642 1.0897697767989276 1.1030452224157703 1.1397984340496972 1.2297466771226024
33 429 -0.13602145106109043 -0.03013730270838213 0.021638317860382828 0.11212497355266758 0.8626042867219964 0.8735335750761619 0.896230081850054 0.906410024379572 0.914847071668309 0.9250680038343913 0.933843074948888 0.9403726273449762 0.9509526206194834 0.9587312737098579 0.970182192979373 0.9774399296425821 1.0023556012968355 1.007270622509963 1.017528432217319 1.021107895650757 1.0356916640873466 1.0421059195663174 1.0517770707964993 1.0587395748074642 1.0897697767989276 1.1030452224157703 1.1397984340496972 1.2297466771226024
34 442 -0.14733981098833018 -0.029751895003404125 0.02411964507122767 0.11550848720243158 0.8626042867219964 0.8735335750761619 0.896230081850054 0.906410024379572 0.914847071668309 0.9250680038343913 0.933843074948888 0.9403726273449762 0.9509526206194834 0.9587312737098579 0.970182192979373 0.9774399296425821 1.0023556012968355 1.007270622509963 1.017528432217319 1.021107895650757 1.0356916640873466 1.0421059195663174 1.0517770707964993 1.0587395748074642 1.0897697767989276 1.1030452224157703 1.1397984340496972 1.2297466771226024
35 455 -0.13907364522512647 -0.03155145576512164 0.025037572700175145 0.12249854550423393 0.8626042867219964 0.8735335750761619 0.896230081850054 0.906410024379572 0.914847071668309 0.9250680038343913 0.933843074948888 0.9403726273449762 0.9509526206194834 0.9587312737098579 0.970182192979373 0.9774399296425821 1.0023556012968355 1.007270622509963 1.017528432217319 1.021107895650757 1.0356916640873466 1.0421059195663174 1.0517770707964993 1.0587395748074642 1.0897697767989276 1.1030452224157703 1.1397984340496972 1.2297466771226024
36 468 -0.14211838435849633 -0.03170868788289638 0.02653005848909011 0.1201682448409971 0.8626042867219964 0.8735335750761619 0.896230081850054 0.906410024379572 0.914847071668309 0.9250680038343913 0.933843074948888 0.9403726273449762 0.9509526206194834 0.9587312737098579 0.970182192979373 0.9774399296425821 1.0023556012968355 1.007270622509963 1.017528432217319 1.021107895650757 1.0356916640873466 1.0421059195663174 1.0517770707964993 1.0587395748074642 1.0897697767989276 1.1030452224157703 1.1397984340496972 1.2297466771226024
37 481 -0.1396736285816554 -0.03213210304481903 0.025705578959849085 0.12241040206980837 0.8626042867219964 0.8735335750761619 0.896230081850054 0.906410024379572 0.914847071668309 0.9250680038343913 0.933843074948888 0.9403726273449762 0.9509526206194834 0.9587312737098579 0.970182192979373 0.9774399296425821 1.0023556012968355 1.007270622509963 1.017528432217319 1.021107895650757 1.0356916640873466 1.0421059195663174 1.0517770707964993 1.0587395748074642 1.0897697767989276 1.1030452224157703 1.1397984340496972 1.2297466771226024
38 494 -0.13623588973527828 -0.031148782151719772 0.028216518092172405 0.1280997518079155 0.8626042867219964 0.8735335750761619 0.896230081850054 0.906410024379572 0.914847071668309 0.9250680038343913 0.933843074948888 0.9403726273449762 0.9509526206194834 0.9587312737098579 0.970182192979373 0.9774399296425821 1.0023556012968355 1.007270622509963 1.017528432217319 1.021107895650757 1.0356916640873466 1.0421059195663174 1.0517770707964993 1.0587395748074642 1.0897697767989276 1.1030452224157703 1.1397984340496972 1.2297466771226024
39 507 -0.12856038804565764 -0.031144252783163393 0.02649502394143128 0.13028143988678145 0.8626042867219964 0.8735335750761619 0.896230081850054 0.906410024379572 0.914847071668309 0.9250680038343913 0.933843074948888 0.9403726273449762 0.9509526206194834 0.9587312737098579 0.970182192979373 0.9774399296425821 1.0023556012968355 1.007270622509963 1.017528432217319 1.021107895650757 1.0356916640873466 1.0421059195663174 1.0517770707964993 1.0587395748074642 1.0897697767989276 1.1030452224157703 1.1397984340496972 1.2297466771226024
40 520 -0.124429166860181 -0.030592009950254843 0.026734626419545382 0.1320548381235741 0.8626042867219964 0.8735335750761619 0.896230081850054 0.906410024379572 0.914847071668309 0.9250680038343913 0.933843074948888 0.9403726273449762 0.9509526206194834 0.9587312737098579 0.970182192979373 0.9774399296425821 1.0023556012968355 1.007270622509963 1.017528432217319 1.021107895650757 1.0356916640873466 1.0421059195663174 1.0517770707964993 1.0587395748074642 1.0897697767989276 1.1030452224157703 1.1397984340496972 1.2297466771226024
41 533 -0.12522197220246917 -0.03267390076240738 0.027772647568315226 0.137812446145671 0.8626042867219964 0.8735335750761619 0.896230081850054 0.906410024379572 0.914847071668309 0.9250680038343913 0.933843074948888 0.9403726273449762 0.9509526206194834 0.9587312737098579 0.970182192979373 0.9774399296425821 1.0023556012968355 1.007270622509963 1.017528432217319 1.021107895650757 1.0356916640873466 1.0421059195663174 1.0517770707964993 1.0587395748074642 1.0897697767989276 1.1030452224157703 1.1397984340496972 1.2297466771226024
42 546 -0.12114078639022166 -0.032483455281568624 0.028068797054683552 0.13211079697129077 0.8626042867219964 0.8735335750761619 0.896230081850054 0.906410024379572 0.914847071668309 0.9250680038343913 0.933843074948888 0.9403726273449762 0.9509526206194834 0.9587312737098579 0.970182192979373 0.9774399296425821 1.0023556012968355 1.007270622509963 1.017528432217319 1.021107895650757 1.0356916640873466 1.0421059195663174 1.0517770707964993 1.0587395748074642 1.0897697767989276 1.1030452224157703 1.1397984340496972 1.2297466771226024
43 559 -0.12718504043876575 -0.03076200810034911 0.026935799896875307 0.13228617035784268 0.8626042867219964 0.8735335750761619 0.896230081850054 0.906410024379572 0.914847071668309 0.9250680038343913 0.933843074948888 0.9403726273449762 0.9509526206194834 0.9587312737098579 0.970182192979373 0.9774399296425821 1.0023556012968355 1.007270622509963 1.017528432217319 1.021107895650757 1.0356916640873466 1.0421059195663174 1.0517770707964993 1.0587395748074642 1.0897697767989276 1.1030452224157703 1.1397984340496972 1.2297466771226024
44 572 -0.1234842909182299 -0.031679043470425744 0.02590881335150441 0.12565229587989166 0.8626042867219964 0.8735335750761619 0.896230081850054 0.906410024379572 0.914847071668309 0.9250680038343913 0.933843074948888 0.9403726273449762 0.9509526206194834 0.9587312737098579 0.970182192979373 0.9774399296425821 1.0023556012968355 1.007270622509963 1.017528432217319 1.021107895650757 1.0356916640873466 1.0421059195663174 1.0517770707964993 1.0587395748074642 1.0897697767989276 1.1030452224157703 1.1397984340496972 1.2297466771226024
45 585 -0.13060255331503176 -0.033203113979644275 0.026599465914721572 0.1251965423095285 0.8626042867219964 0.8735335750761619 0.896230081850054 0.906410024379572 0.914847071668309 0.9250680038343913 0.933843074948888 0.9403726273449762 0.9509526206194834 0.9587312737098579 0.970182192979373 0.9774399296425821 1.0023556012968355 1.007270622509963 1.017528432217319 1.021107895650757 1.0356916640873466 1.0421059195663174 1.0517770707964993 1.0587395748074642 1.0897697767989276 1.1030452224157703 1.1397984340496972 1.2297466771226024
46 598 -0.13036704701653756 -0.03541563737881895 0.02632253947606116 0.1246605821731928 0.8626042867219964 0.8735335750761619 0.896230081850054 0.906410024379572 0.914847071668309 0.9250680038343913 0.933843074948888 0.9403726273449762 0.9509526206194834 0.9587312737098579 0.970182192979373 0.9774399296425821 1.0023556012968355 1.007270622509963 1.017528432217319 1.021107895650757 1.0356916640873466 1.0421059195663174 1.0517770707964993 1.0587395748074642 1.0897697767989276 1.1030452224157703 1.1397984340496972 1.2297466771226024
47 611 -0.12526416580355956 -0.035799127237203535 0.027193008697189207 0.13022157370696447 0.8626042867219964 0.8735335750761619 0.896230081850054 0.906410024379572 0.914847071668309 0.9250680038343913 0.933843074948888 0.9403726273449762 0.9509526206194834 0.9587312737098579 0.970182192979373 0.9774399296425821 1.0023556012968355 1.007270622509963 1.017528432217319 1.021107895650757 1.0356916640873466 1.0421059195663174 1.0517770707964993 1.0587395748074642 1.0897697767989276 1.1030452224157703 1.1397984340496972 1.2297466771226024
48 624 -0.13617612286462374 -0.033886086873357216 0.027373992367062797 0.13031391634858988 0.8626042867219964 0.8735335750761619 0.896230081850054 0.906410024379572 0.914847071668309 0.9250680038343913 0.933843074948888 0.9403726273449762 0.9509526206194834 0.9587312737098579 0.970182192979373 0.9774399296425821 1.0023556012968355 1.007270622509963 1.017528432217319 1.021107895650757 1.0356916640873466 1.0421059195663174 1.0517770707964993 1.0587395748074642 1.0897697767989276 1.1030452224157703 1.1397984340496972 1.2297466771226024
49 637 -0.132091951457325 -0.03448329926087289 0.028544144830124026 0.13953490084739836 0.8316531341498584 0.8451185129993085 0.8498406985729233 0.8638393809335275 0.870129357942459 0.8868237179703066 0.9038106725332657 0.9076172468982324 0.9412002196892746 0.9537946177690084 0.9673613836289453 0.968008891210063 0.9936149774671189 1.0001329096934524 1.0217622940029318 1.0377765535726207 1.0503239809806184 1.0526527571834083 1.0716935228061482 1.0936413408454595 1.117501629084984 1.1343273523546662 1.1922601248083877 1.2851849446635575
50 650 -0.13190238692564998 -0.036994849142501715 0.02989889360875717 0.14378299316690854 0.8316531341498584 0.8451185129993085 0.8498406985729233 0.8638393809335275 0.870129357942459 0.8868237179703066 0.9038106725332657 0.9076172468982324 0.9412002196892746 0.9537946177690084 0.9673613836289453 0.968008891210063 0.9936149774671189 1.0001329096934524 1.0217622940029318 1.0377765535726207 1.0503239809806184 1.0526527571834083 1.0716935228061482 1.0936413408454595 1.117501629084984 1.1343273523546662 1.1922601248083877 1.2851849446635575
51 663 -0.1295532932403569 -0.037776802104986046 0.030001512538774457 0.1447466685020682 0.8316531341498584 0.8451185129993085 0.8498406985729233 0.8638393809335275 0.870129357942459 0.8868237179703066 0.9038106725332657 0.9076172468982324 0.9412002196892746 0.9537946177690084 0.9673613836289453 0.968008891210063 0.9936149774671189 1.0001329096934524 1.0217622940029318 1.0377765535726207 1.0503239809806184 1.0526527571834083 1.0716935228061482 1.0936413408454595 1.117501629084984 1.1343273523546662 1.1922601248083877 1.2851849446635575
52 676 -0.1382574649551855 -0.03776206330908871 0.02973204211995735 0.14981119359971587 0.8316531341498584 0.8451185129993085 0.8498406985729233 0.8638393809335275 0.870129357942459 0.8868237179703066 0.9038106725332657 0.9076172468982324 0.9412002196892746 0.9537946177690084 0.9673613836289453 0.968008891210063 0.9936149774671189 1.0001329096934524 1.0217622940029318 1.0377765535726207 1.0503239809806184 1.0526527571834083 1.0716935228061482 1.0936413408454595 1.117501629084984 1.1343273523546662 1.1922601248083877 1.2851849446635575
53 689 -0.13241168379973736 -0.03698436856871534 0.02970821489825061 0.14032697173280823 0.8316531341498584 0.8451185129993085 0.8498406985729233 0.8638393809335275 0.870129357942459 0.8868237179703066 0.9038106725332657 0.9076172468982324 0.9412002196892746 0.9537946177690084 0.9673613836289453 0.968008891210063 0.9936149774671189 1.0001329096934524 1.0217622940029318 1.0377765535726207 1.0503239809806184 1.0526527571834083 1.0716935228061482 1.0936413408454595 1.117501629084984 1.1343273523546662 1.1922601248083877 1.2851849446635575
54 702 -0.1398043602111899 -0.037223591382668134 0.028238736685740257 0.13414965383544547 0.8316531341498584 0.8451185129993085 0.8498406985729233 0.8638393809335275 0.870129357942459 0.8868237179703066 0.9038106725332657 0.9076172468982324 0.9412002196892746 0.9537946177690084 0.9673613836289453 0.968008891210063 0.9936149774671189 1.0001329096934524 1.0217622940029318 1.0377765535726207 1.0503239809806184 1.0526527571834083 1.0716935228061482 1.0936413408454595 1.117501629084984 1.1343273523546662 1.1922601248083877 1.2851849446635575
55 715 -0.15852424957400857 -0.038655890675233194 0.028352491839563336 0.14303094040435554 0.8316531341498584 0.8451185129993085 0.8498406985729233 0.8638393809335275 0.870129357942459 0.8868237179703066 0.9038106725332657 0.9076172468982324 0.9412002196892746 0.9537946177690084 0.9673613836289453 0.968008891210063 0.9936149774671189 1.0001329096934524 1.0217622940029318 1.0377765535726207 1.0503239809806184 1.0526527571834083 1.0716935228061482 1.0936413408454595 1.117501629084984 1.1343273523546662 1.1922601248083877 1.2851849446635575
56 728 -0.1578655253985926 -0.03731856105931713 0.03150265884161827 0.14050864058931567 0.8316531341498584 0.8451185129993085 0.8498406985729233 0.8638393809335275 0.870129357942459 0.8868237179703066 0.9038106725332657 0.9076172468982324 0.9412002196892746 0.9537946177690084 0.9673613836289453 0.968008891210063 0.9936149774671189 1.0001329096934524 1.0217622940029318 1.0377765535726207 1.0503239809806184 1.0526527571834083 1.0716935228061482 1.0936413408454595 1.117501629084984 1.1343273523546662 1.1922601248083877 1.2851849446635575
57 741 -0.1562678870423107 -0.03807201571218763 0.029098932068368735 0.1407536666788444 0.8316531341498584 0.8451185129993085 0.8498406985729233 0.8638393809335275 0.870129357942459 0.8868237179703066 0.9038106725332657 0.9076172468982324 0.9412002196892746 0.9537946177690084 0.9673613836289453 0.968008891210063 0.9936149774671189 1.0001329096934524 1.0217622940029318 1.0377765535726207 1.0503239809806184 1.0526527571834083 1.0716935228061482 1.0936413408454595 1.117501629084984 1.1343273523546662 1.1922601248083877 1.2851849446635575
58 754 -0.14969922544237682 -0.03751475778983991 0.02855544268374177 0.15060795430624135 0.8316531341498584 0.8451185129993085 0.8498406985729233 0.8638393809335275 0.870129357942459 0.8868237179703066 0.9038106725332657 0.9076172468982324 0.9412002196892746 0.9537946177690084 0.9673613836289453 0.968008891210063 0.9936149774671189 1.0001329096934524 1.0217622940029318 1.0377765535726207 1.0503239809806184 1.0526527571834083 1.0716935228061482 1.0936413408454595 1.117501629084984 1.1343273523546662 1.1922601248083877 1.2851849446635575
59 767 -0.14315108106715346 -0.037651736943992334 0.02725993886777793 0.15939247052934072 0.8316531341498584 0.8451185129993085 0.8498406985729233 0.8638393809335275 0.870129357942459 0.8868237179703066 0.9038106725332657 0.9076172468982324 0.9412002196892746 0.9537946177690084 0.9673613836289453 0.968008891210063 0.9936149774671189 1.0001329096934524 1.0217622940029318 1.0377765535726207 1.0503239809806184 1.0526527571834083 1.0716935228061482 1.0936413408454595 1.117501629084984 1.1343273523546662 1.1922601248083877 1.2851849446635575
60 780 -0.14370185856858572 -0.03726136198854875 0.030219963517589016 0.1866072184893705 0.8316531341498584 0.8451185129993085 0.8498406985729233 0.8638393809335275 0.870129357942459 0.8868237179703066 0.9038106725332657 0.9076172468982324 0.9412002196892746 0.9537946177690084 0.9673613836289453 0.968008891210063 0.9936149774671189 1.0001329096934524 1.0217622940029318 1.0377765535726207 1.0503239809806184 1.0526527571834083 1.0716935228061482 1.0936413408454595 1.117501629084984 1.1343273523546662 1.1922601248083877 1.2851849446635575
61 793 -0.1415626341947645 -0.037088673532649975 0.03366830912678871 0.20054459031249977 0.8316531341498584 0.8451185129993085 0.8498406985729233 0.8638393809335275 0.870129357942459 0.8868237179703066 0.9038106725332657 0.9076172468982324 0.9412002196892746 0.9537946177690084 0.9673613836289453 0.968008891210063 0.9936149774671189 1.0001329096934524 1.0217622940029318 1.0377765535726207 1.0503239809806184 1.0526527571834083 1.0716935228061482 1.0936413408454595 1.117501629084984 1.1343273523546662 1.1922601248083877 1.2851849446635575
62 806 -0.1455943100924554 -0.041145645945807656 0.03403986585925174 0.21018596387262653 0.8316531341498584 0.8451185129993085 0.8498406985729233 0.8638393809335275 0.870129357942459 0.8868237179703066 0.9038106725332657 0.9076172468982324 0.9412002196892746 0.9537946177690084 0.9673613836289453 0.968008891210063 0.9936149774671189 1.0001329096934524 1.0217622940029318 1.0377765535726207 1.0503239809806184 1.0526527571834083 1.0716935228061482 1.0936413408454595 1.117501629084984 1.1343273523546662 1.1922601248083877 1.2851849446635575
63 819 -0.1497984374703279 -0.04287936029881277 0.035315223226865144 0.2190737220040018 0.8316531341498584 0.8451185129993085 0.8498406985729233 0.8638393809335275 0.870129357942459 0.8868237179703066 0.9038106725332657 0.9076172468982324 0.9412002196892746 0.9537946177690084 0.9673613836289453 0.968008891210063 0.9936149774671189 1.0001329096934524 1.0217622940029318 1.0377765535726207 1.0503239809806184 1.0526527571834083 1.0716935228061482 1.0936413408454595 1.117501629084984 1.1343273523546662 1.1922601248083877 1.2851849446635575
64 832 -0.14973886174996837 -0.04400424337771569 0.03711553685991315 0.22234337830729708 0.8316531341498584 0.8451185129993085 0.8498406985729233 0.8638393809335275 0.870129357942459 0.8868237179703066 0.9038106725332657 0.9076172468982324 0.9412002196892746 0.9537946177690084 0.9673613836289453 0.968008891210063 0.9936149774671189 1.0001329096934524 1.0217622940029318 1.0377765535726207 1.0503239809806184 1.0526527571834083 1.0716935228061482 1.0936413408454595 1.117501629084984 1.1343273523546662 1.1922601248083877 1.2851849446635575
65 845 -0.14920732302857703 -0.03960304063308345 0.033569427067357036 0.22141994203626594 0.8316531341498584 0.8451185129993085 0.8498406985729233 0.8638393809335275 0.870129357942459 0.8868237179703066 0.9038106725332657 0.9076172468982324 0.9412002196892746 0.9537946177690084 0.9673613836289453 0.968008891210063 0.9936149774671189 1.0001329096934524 1.0217622940029318 1.0377765535726207 1.0503239809806184 1.0526527571834083 1.0716935228061482 1.0936413408454595 1.117501629084984 1.1343273523546662 1.1922601248083877 1.2851849446635575
66 858 -0.14487063238753917 -0.040004348701490944 0.03320435560090174 0.23076328208277647 0.8316531341498584 0.8451185129993085 0.8498406985729233 0.8638393809335275 0.870129357942459 0.8868237179703066 0.9038106725332657 0.9076172468982324 0.9412002196892746 0.9537946177690084 0.9673613836289453 0.968008891210063 0.9936149774671189 1.0001329096934524 1.0217622940029318 1.0377765535726207 1.0503239809806184 1.0526527571834083 1.0716935228061482 1.0936413408454595 1.117501629084984 1.1343273523546662 1.1922601248083877 1.2851849446635575
67 871 -0.14874391977900647 -0.03884426346199024 0.0330963891455437 0.2320306699630664 0.8316531341498584 0.8451185129993085 0.8498406985729233 0.8638393809335275 0.870129357942459 0.8868237179703066 0.9038106725332657 0.9076172468982324 0.9412002196892746 0.9537946177690084 0.9673613836289453 0.968008891210063 0.9936149774671189 1.0001329096934524 1.0217622940029318 1.0377765535726207 1.0503239809806184 1.0526527571834083 1.0716935228061482 1.0936413408454595 1.117501629084984 1.1343273523546662 1.1922601248083877 1.2851849446635575
68 884 -0.154911768427577 -0.04088934410622484 0.03468070725263113 0.23266010954459912 0.8316531341498584 0.8451185129993085 0.8498406985729233 0.8638393809335275 0.870129357942459 0.8868237179703066 0.9038106725332657 0.9076172468982324 0.9412002196892746 0.9537946177690084 0.9673613836289453 0.968008891210063 0.9936149774671189 1.0001329096934524 1.0217622940029318 1.0377765535726207 1.0503239809806184 1.0526527571834083 1.0716935228061482 1.0936413408454595 1.117501629084984 1.1343273523546662 1.1922601248083877 1.2851849446635575
69 897 -0.15802336777544443 -0.04046273938362022 0.034678693492135274 0.2319529863543659 0.8316531341498584 0.8451185129993085 0.8498406985729233 0.8638393809335275 0.870129357942459 0.8868237179703066 0.9038106725332657 0.9076172468982324 0.9412002196892746 0.9537946177690084 0.9673613836289453 0.968008891210063 0.9936149774671189 1.0001329096934524 1.0217622940029318 1.0377765535726207 1.0503239809806184 1.0526527571834083 1.0716935228061482 1.0936413408454595 1.117501629084984 1.1343273523546662 1.1922601248083877 1.2851849446635575
70 910 -0.1509822151507858 -0.04238190876132632 0.0345628313830802 0.22891963399495893 0.8316531341498584 0.8451185129993085 0.8498406985729233 0.8638393809335275 0.870129357942459 0.8868237179703066 0.9038106725332657 0.9076172468982324 0.9412002196892746 0.9537946177690084 0.9673613836289453 0.968008891210063 0.9936149774671189 1.0001329096934524 1.0217622940029318 1.0377765535726207 1.0503239809806184 1.0526527571834083 1.0716935228061482 1.0936413408454595 1.117501629084984 1.1343273523546662 1.1922601248083877 1.2851849446635575
71 923 -0.15053656154073647 -0.042302011692410546 0.03590080526006244 0.23273969352545004 0.8316531341498584 0.8451185129993085 0.8498406985729233 0.8638393809335275 0.870129357942459 0.8868237179703066 0.9038106725332657 0.9076172468982324 0.9412002196892746 0.9537946177690084 0.9673613836289453 0.968008891210063 0.9936149774671189 1.0001329096934524 1.0217622940029318 1.0377765535726207 1.0503239809806184 1.0526527571834083 1.0716935228061482 1.0936413408454595 1.117501629084984 1.1343273523546662 1.1922601248083877 1.2851849446635575
72 936 -0.14658624807649775 -0.0431461427307584 0.03691994585144216 0.22881789050098225 0.8316531341498584 0.8451185129993085 0.8498406985729233 0.8638393809335275 0.870129357942459 0.8868237179703066 0.9038106725332657 0.9076172468982324 0.9412002196892746 0.9537946177690084 0.9673613836289453 0.968008891210063 0.9936149774671189 1.0001329096934524 1.0217622940029318 1.0377765535726207 1.0503239809806184 1.0526527571834083 1.0716935228061482 1.0936413408454595 1.117501629084984 1.1343273523546662 1.1922601248083877 1.2851849446635575
73 949 -0.14622316915136144 -0.04432088585166076 0.04048716371368605 0.22154726133338654 0.7738478784012834 0.79864044576857 0.8276251001047646 0.8349010843908607 0.8434756705670593 0.8759188100243952 0.8871231709923858 0.9017856856766012 0.903225972176132 0.9184079635151264 0.9332418515834138 0.9461833597048246 0.9824496885182495 0.9853961922974218 1.0201469073190272 1.032467109316655 1.0475483659189677 1.0657631646622685 1.0913066247530425 1.1221798455049414 1.161193624706757 1.193243473753038 1.2106533000798139 1.3830027585534563
74 962 -0.1470081543198402 -0.04415949151041554 0.04154309961992723 0.22457848462418883 0.7738478784012834 0.79864044576857 0.8276251001047646 0.8349010843908607 0.8434756705670593 0.8759188100243952 0.8871231709923858 0.9017856856766012 0.903225972176132 0.9184079635151264 0.9332418515834138 0.9461833597048246 0.9824496885182495 0.9853961922974218 1.0201469073190272 1.032467109316655 1.0475483659189677 1.0657631646622685 1.0913066247530425 1.1221798455049414 1.161193624706757 1.193243473753038 1.2106533000798139 1.3830027585534563
75 975 -0.1418746993454143 -0.04305002347054876 0.04037151979525892 0.23410360040242104 0.7738478784012834 0.79864044576857 0.8276251001047646 0.8349010843908607 0.8434756705670593 0.8759188100243952 0.8871231709923858 0.9017856856766012 0.903225972176132 0.9184079635151264 0.9332418515834138 0.9461833597048246 0.9824496885182495 0.9853961922974218 1.0201469073190272 1.032467109316655 1.0475483659189677 1.0657631646622685 1.0913066247530425 1.1221798455049414 1.161193624706757 1.193243473753038 1.2106533000798139 1.3830027585534563
76 988 -0.14365964464868322 -0.04233064166624306 0.04016938708776149 0.23559171558544562 0.7738478784012834 0.79864044576857 0.8276251001047646 0.8349010843908607 0.8434756705670593 0.8759188100243952 0.8871231709923858 0.9017856856766012 0.903225972176132 0.9184079635151264 0.9332418515834138 0.9461833597048246 0.9824496885182495 0.9853961922974218 1.0201469073190272 1.032467109316655 1.0475483659189677 1.0657631646622685 1.0913066247530425 1.1221798455049414 1.161193624706757 1.193243473753038 1.2106533000798139 1.3830027585534563
77 1001 -0.14552367940836294 -0.04327071373134532 0.04046697471658107 0.24061249610347282 0.7738478784012834 0.79864044576857 0.8276251001047646 0.8349010843908607 0.8434756705670593 0.8759188100243952 0.8871231709923858 0.9017856856766012 0.903225972176132 0.9184079635151264 0.9332418515834138 0.9461833597048246 0.9824496885182495 0.9853961922974218 1.0201469073190272 1.032467109316655 1.0475483659189677 1.0657631646622685 1.0913066247530425 1.1221798455049414 1.161193624706757 1.193243473753038 1.2106533000798139 1.3830027585534563
78 1014 -0.14655759910199448 -0.04445075346641651 0.042775748419351056 0.23878765011037498 0.7738478784012834 0.79864044576857 0.8276251001047646 0.8349010843908607 0.8434756705670593 0.8759188100243952 0.8871231709923858 0.9017856856766012 0.903225972176132 0.9184079635151264 0.9332418515834138 0.9461833597048246 0.9824496885182495 0.9853961922974218 1.0201469073190272 1.032467109316655 1.0475483659189677 1.0657631646622685 1.0913066247530425 1.1221798455049414 1.161193624706757 1.193243473753038 1.2106533000798139 1.3830027585534563
79 1027 -0.14518817527618366 -0.04592503829409689 0.04125708035459179 0.24615791157093903 0.7738478784012834 0.79864044576857 0.8276251001047646 0.8349010843908607 0.8434756705670593 0.8759188100243952 0.8871231709923858 0.9017856856766012 0.903225972176132 0.9184079635151264 0.9332418515834138 0.9461833597048246 0.9824496885182495 0.9853961922974218 1.0201469073190272 1.032467109316655 1.0475483659189677 1.0657631646622685 1.0913066247530425 1.1221798455049414 1.161193624706757 1.193243473753038 1.2106533000798139 1.3830027585534563
80 1040 -0.1507966521547432 -0.046773621519670364 0.03644260018315548 0.25344055049715175 0.7738478784012834 0.79864044576857 0.8276251001047646 0.8349010843908607 0.8434756705670593 0.8759188100243952 0.8871231709923858 0.9017856856766012 0.903225972176132 0.9184079635151264 0.9332418515834138 0.9461833597048246 0.9824496885182495 0.9853961922974218 1.0201469073190272 1.032467109316655 1.0475483659189677 1.0657631646622685 1.0913066247530425 1.1221798455049414 1.161193624706757 1.193243473753038 1.2106533000798139 1.3830027585534563
81 1053 -0.15903953608797647 -0.04847585624974609 0.03798452753192556 0.26060135652628647 0.7738478784012834 0.79864044576857 0.8276251001047646 0.8349010843908607 0.8434756705670593 0.8759188100243952 0.8871231709923858 0.9017856856766012 0.903225972176132 0.9184079635151264 0.9332418515834138 0.9461833597048246 0.9824496885182495 0.9853961922974218 1.0201469073190272 1.032467109316655 1.0475483659189677 1.0657631646622685 1.0913066247530425 1.1221798455049414 1.161193624706757 1.193243473753038 1.2106533000798139 1.3830027585534563
82 1066 -0.15467590939227002 -0.04686851124139622 0.0407085016605257 0.262581400522364 0.7738478784012834 0.79864044576857 0.8276251001047646 0.8349010843908607 0.8434756705670593 0.8759188100243952 0.8871231709923858 0.9017856856766012 0.903225972176132 0.9184079635151264 0.9332418515834138 0.9461833597048246 0.9824496885182495 0.9853961922974218 1.0201469073190272 1.032467109316655 1.0475483659189677 1.0657631646622685 1.0913066247530425 1.1221798455049414 1.161193624706757 1.193243473753038 1.2106533000798139 1.3830027585534563
83 1079 -0.15388514726849975 -0.04636715242512873 0.04128754643159535 0.26770449639971183 0.7738478784012834 0.79864044576857 0.8276251001047646 0.8349010843908607 0.8434756705670593 0.8759188100243952 0.8871231709923858 0.9017856856766012 0.903225972176132 0.9184079635151264 0.9332418515834138 0.9461833597048246 0.9824496885182495 0.9853961922974218 1.0201469073190272 1.032467109316655 1.0475483659189677 1.0657631646622685 1.0913066247530425 1.1221798455049414 1.161193624706757 1.193243473753038 1.2106533000798139 1.3830027585534563
84 1092 -0.15280252912062545 -0.047779201930478146 0.043456330037865115 0.2694949779373113 0.7738478784012834 0.79864044576857 0.8276251001047646 0.8349010843908607 0.8434756705670593 0.8759188100243952 0.8871231709923858 0.9017856856766012 0.903225972176132 0.9184079635151264 0.9332418515834138 0.9461833597048246 0.9824496885182495 0.9853961922974218 1.0201469073190272 1.032467109316655 1.0475483659189677 1.0657631646622685 1.0913066247530425 1.1221798455049414 1.161193624706757 1.193243473753038 1.2106533000798139 1.3830027585534563
85 1105 -0.15137136103538315 -0.04624762799823977 0.04529397821728133 0.2669422903021539 0.7738478784012834 0.79864044576857 0.8276251001047646 0.8349010843908607 0.8434756705670593 0.8759188100243952 0.8871231709923858 0.9017856856766012 0.903225972176132 0.9184079635151264 0.9332418515834138 0.9461833597048246 0.9824496885182495 0.9853961922974218 1.0201469073190272 1.032467109316655 1.0475483659189677 1.0657631646622685 1.0913066247530425 1.1221798455049414 1.161193624706757 1.193243473753038 1.2106533000798139 1.3830027585534563
86 1118 -0.1516176865936357 -0.04609645917101963 0.04602930854226071 0.27443615420529205 0.7738478784012834 0.79864044576857 0.8276251001047646 0.8349010843908607 0.8434756705670593 0.8759188100243952 0.8871231709923858 0.9017856856766012 0.903225972176132 0.9184079635151264 0.9332418515834138 0.9461833597048246 0.9824496885182495 0.9853961922974218 1.0201469073190272 1.032467109316655 1.0475483659189677 1.0657631646622685 1.0913066247530425 1.1221798455049414 1.161193624706757 1.193243473753038 1.2106533000798139 1.3830027585534563
87 1131 -0.1567075331593618 -0.046183703401103074 0.045913333841873606 0.28130983615199606 0.7738478784012834 0.79864044576857 0.8276251001047646 0.8349010843908607 0.8434756705670593 0.8759188100243952 0.8871231709923858 0.9017856856766012 0.903225972176132 0.9184079635151264 0.9332418515834138 0.9461833597048246 0.9824496885182495 0.9853961922974218 1.0201469073190272 1.032467109316655 1.0475483659189677 1.0657631646622685 1.0913066247530425 1.1221798455049414 1.161193624706757 1.193243473753038 1.2106533000798139 1.3830027585534563
88 1144 -0.1561392476439682 -0.05103779630287341 0.044407559393145245 0.27192265799422366 0.7738478784012834 0.79864044576857 0.8276251001047646 0.8349010843908607 0.8434756705670593 0.8759188100243952 0.8871231709923858 0.9017856856766012 0.903225972176132 0.9184079635151264 0.9332418515834138 0.9461833597048246 0.9824496885182495 0.9853961922974218 1.0201469073190272 1.032467109316655 1.0475483659189677 1.0657631646622685 1.0913066247530425 1.1221798455049414 1.161193624706757 1.193243473753038 1.2106533000798139 1.3830027585534563
89 1157 -0.153045711217369 -0.054126322263141534 0.045755416867641285 0.2723387102031171 0.7738478784012834 0.79864044576857 0.8276251001047646 0.8349010843908607 0.8434756705670593 0.8759188100243952 0.8871231709923858 0.9017856856766012 0.903225972176132 0.9184079635151264 0.9332418515834138 0.9461833597048246 0.9824496885182495 0.9853961922974218 1.0201469073190272 1.032467109316655 1.0475483659189677 1.0657631646622685 1.0913066247530425 1.1221798455049414 1.161193624706757 1.193243473753038 1.2106533000798139 1.3830027585534563
90 1170 -0.16468126687858392 -0.05073249771430415 0.04630077373896236 0.2662993330884984 0.7738478784012834 0.79864044576857 0.8276251001047646 0.8349010843908607 0.8434756705670593 0.8759188100243952 0.8871231709923858 0.9017856856766012 0.903225972176132 0.9184079635151264 0.9332418515834138 0.9461833597048246 0.9824496885182495 0.9853961922974218 1.0201469073190272 1.032467109316655 1.0475483659189677 1.0657631646622685 1.0913066247530425 1.1221798455049414 1.161193624706757 1.193243473753038 1.2106533000798139 1.3830027585534563
91 1183 -0.15933414178685049 -0.05129853221841378 0.04228398129010766 0.25948332388024403 0.7738478784012834 0.79864044576857 0.8276251001047646 0.8349010843908607 0.8434756705670593 0.8759188100243952 0.8871231709923858 0.9017856856766012 0.903225972176132 0.9184079635151264 0.9332418515834138 0.9461833597048246 0.9824496885182495 0.9853961922974218 1.0201469073190272 1.032467109316655 1.0475483659189677 1.0657631646622685 1.0913066247530425 1.1221798455049414 1.161193624706757 1.193243473753038 1.2106533000798139 1.3830027585534563
92 1196 -0.15335277317076246 -0.049533252859057325 0.03997934383022544 0.2632867976120211 0.7738478784012834 0.79864044576857 0.8276251001047646 0.8349010843908607 0.8434756705670593 0.8759188100243952 0.8871231709923858 0.9017856856766012 0.903225972176132 0.9184079635151264 0.9332418515834138 0.9461833597048246 0.9824496885182495 0.9853961922974218 1.0201469073190272 1.032467109316655 1.0475483659189677 1.0657631646622685 1.0913066247530425 1.1221798455049414 1.161193624706757 1.193243473753038 1.2106533000798139 1.3830027585534563
93 1209 -0.14560710835913274 -0.04908980183734452 0.041630195731273245 0.26793834075355666 0.7738478784012834 0.79864044576857 0.8276251001047646 0.8349010843908607 0.8434756705670593 0.8759188100243952 0.8871231709923858 0.9017856856766012 0.903225972176132 0.9184079635151264 0.9332418515834138 0.9461833597048246 0.9824496885182495 0.9853961922974218 1.0201469073190272 1.032467109316655 1.0475483659189677 1.0657631646622685 1.0913066247530425 1.1221798455049414 1.161193624706757 1.193243473753038 1.2106533000798139 1.3830027585534563
94 1222 -0.14741377417332951 -0.04797492787316648 0.04534391211074929 0.2659205813815423 0.7738478784012834 0.79864044576857 0.8276251001047646 0.8349010843908607 0.8434756705670593 0.8759188100243952 0.8871231709923858 0.9017856856766012 0.903225972176132 0.9184079635151264 0.9332418515834138 0.9461833597048246 0.9824496885182495 0.9853961922974218 1.0201469073190272 1.032467109316655 1.0475483659189677 1.0657631646622685 1.0913066247530425 1.1221798455049414 1.161193624706757 1.193243473753038 1.2106533000798139 1.3830027585534563
95 1235 -0.1568383772879475 -0.0491542527057216 0.04446322811583971 0.26264773263105057 0.7738478784012834 0.79864044576857 0.8276251001047646 0.8349010843908607 0.8434756705670593 0.8759188100243952 0.8871231709923858 0.9017856856766012 0.903225972176132 0.9184079635151264 0.9332418515834138 0.9461833597048246 0.9824496885182495 0.9853961922974218 1.0201469073190272 1.032467109316655 1.0475483659189677 1.0657631646622685 1.0913066247530425 1.1221798455049414 1.161193624706757 1.193243473753038 1.2106533000798139 1.3830027585534563
96 1248 -0.17185197365089325 -0.05145753430057781 0.043279219570432584 0.25002486561445814 0.7738478784012834 0.79864044576857 0.8276251001047646 0.8349010843908607 0.8434756705670593 0.8759188100243952 0.8871231709923858 0.9017856856766012 0.903225972176132 0.9184079635151264 0.9332418515834138 0.9461833597048246 0.9824496885182495 0.9853961922974218 1.0201469073190272 1.032467109316655 1.0475483659189677 1.0657631646622685 1.0913066247530425 1.1221798455049414 1.161193624706757 1.193243473753038 1.2106533000798139 1.3830027585534563
97 1261 -0.1883474151455469 -0.05376934996699448 0.04304484421452007 0.25059587975724906 0.7570523575210908 0.7640204104256618 0.7782563997859535 0.8128937911147587 0.8242749152062427 0.8443932493836991 0.8651349848841354 0.8752041637001665 0.8872676959369142 0.9176420283772071 0.9359256126107572 0.9584096951865558 0.9784740886536497 0.9896161277703135 1.0120180402616519 1.0326676596662352 1.06476981428402 1.0727811592840366 1.1089415446721496 1.1310159817063512 1.1540814655407028 1.2331072680276027 1.3027404278510806 1.3694929687940576
98 1274 -0.18906310544337063 -0.05473984460678376 0.04303511754410939 0.2532879837123787 0.7570523575210908 0.7640204104256618 0.7782563997859535 0.8128937911147587 0.8242749152062427 0.8443932493836991 0.8651349848841354 0.8752041637001665 0.8872676959369142 0.9176420283772071 0.9359256126107572 0.9584096951865558 0.9784740886536497 0.9896161277703135 1.0120180402616519 1.0326676596662352 1.06476981428402 1.0727811592840366 1.1089415446721496 1.1310159817063512 1.1540814655407028 1.2331072680276027 1.3027404278510806 1.3694929687940576
99 1287 -0.19681390127916476 -0.054619961134225015 0.04350477799030847 0.2545236109503974 0.7570523575210908 0.7640204104256618 0.7782563997859535 0.8128937911147587 0.8242749152062427 0.8443932493836991 0.8651349848841354 0.8752041637001665 0.8872676959369142 0.9176420283772071 0.9359256126107572 0.9584096951865558 0.9784740886536497 0.9896161277703135 1.0120180402616519 1.0326676596662352 1.06476981428402 1.0727811592840366 1.1089415446721496 1.1310159817063512 1.1540814655407028 1.2331072680276027 1.3027404278510806 1.3694929687940576
100 1300 -0.19886749288045968 -0.0532143899002258 0.04103416542508992 0.24739379897663805 0.7570523575210908 0.7640204104256618 0.7782563997859535 0.8128937911147587 0.8242749152062427 0.8443932493836991 0.8651349848841354 0.8752041637001665 0.8872676959369142 0.9176420283772071 0.9359256126107572 0.9584096951865558 0.9784740886536497 0.9896161277703135 1.0120180402616519 1.0326676596662352 1.06476981428402 1.0727811592840366 1.1089415446721496 1.1310159817063512 1.1540814655407028 1.2331072680276027 1.3027404278510806 1.3694929687940576
101 1313 -0.2012301826597587 -0.0507949154709597 0.04223080334142649 0.2544541113663639 0.7570523575210908 0.7640204104256618 0.7782563997859535 0.8128937911147587 0.8242749152062427 0.8443932493836991 0.8651349848841354 0.8752041637001665 0.8872676959369142 0.9176420283772071 0.9359256126107572 0.9584096951865558 0.9784740886536497 0.9896161277703135 1.0120180402616519 1.0326676596662352 1.06476981428402 1.0727811592840366 1.1089415446721496 1.1310159817063512 1.1540814655407028 1.2331072680276027 1.3027404278510806 1.3694929687940576
102 1326 -0.20264297996744418 -0.04940118026470468 0.043392059501026425 0.26408462564099205 0.7570523575210908 0.7640204104256618 0.7782563997859535 0.8128937911147587 0.8242749152062427 0.8443932493836991 0.8651349848841354 0.8752041637001665 0.8872676959369142 0.9176420283772071 0.9359256126107572 0.9584096951865558 0.9784740886536497 0.9896161277703135 1.0120180402616519 1.0326676596662352 1.06476981428402 1.0727811592840366 1.1089415446721496 1.1310159817063512 1.1540814655407028 1.2331072680276027 1.3027404278510806 1.3694929687940576
103 1339 -0.20429115294881023 -0.04737303280219368 0.046634128602734054 0.27722527183046336 0.7570523575210908 0.7640204104256618 0.7782563997859535 0.8128937911147587 0.8242749152062427 0.8443932493836991 0.8651349848841354 0.8752041637001665 0.8872676959369142 0.9176420283772071 0.9359256126107572 0.9584096951865558 0.9784740886536497 0.9896161277703135 1.0120180402616519 1.0326676596662352 1.06476981428402 1.0727811592840366 1.1089415446721496 1.1310159817063512 1.1540814655407028 1.2331072680276027 1.3027404278510806 1.3694929687940576
104 1352 -0.20594470023742112 -0.048648472327153705 0.04898406615395885 0.2799428408659702 0.7570523575210908 0.7640204104256618 0.7782563997859535 0.8128937911147587 0.8242749152062427 0.8443932493836991 0.8651349848841354 0.8752041637001665 0.8872676959369142 0.9176420283772071 0.9359256126107572 0.9584096951865558 0.9784740886536497 0.9896161277703135 1.0120180402616519 1.0326676596662352 1.06476981428402 1.0727811592840366 1.1089415446721496 1.1310159817063512 1.1540814655407028 1.2331072680276027 1.3027404278510806 1.3694929687940576
105 1365 -0.20755476088278482 -0.048715112884157294 0.047273131176813 0.279689799806683 0.7570523575210908 0.7640204104256618 0.7782563997859535 0.8128937911147587 0.8242749152062427 0.8443932493836991 0.8651349848841354 0.8752041637001665 0.8872676959369142 0.9176420283772071 0.9359256126107572 0.9584096951865558 0.9784740886536497 0.9896161277703135 1.0120180402616519 1.0326676596662352 1.06476981428402 1.0727811592840366 1.1089415446721496 1.1310159817063512 1.1540814655407028 1.2331072680276027 1.3027404278510806 1.3694929687940576
106 1378 -0.20890065584786846 -0.05113791222648592 0.049851856611746695 0.28790669736449015 0.7570523575210908 0.7640204104256618 0.7782563997859535 0.8128937911147587 0.8242749152062427 0.8443932493836991 0.8651349848841354 0.8752041637001665 0.8872676959369142 0.9176420283772071 0.9359256126107572 0.9584096951865558 0.9784740886536497 0.9896161277703135 1.0120180402616519 1.0326676596662352 1.06476981428402 1.0727811592840366 1.1089415446721496 1.1310159817063512 1.1540814655407028 1.2331072680276027 1.3027404278510806 1.3694929687940576
107 1391 -0.21308981280448094 -0.04961843256350683 0.05072778988257538 0.2931643679261086 0.7570523575210908 0.7640204104256618 0.7782563997859535 0.8128937911147587 0.8242749152062427 0.8443932493836991 0.8651349848841354 0.8752041637001665 0.8872676959369142 0.9176420283772071 0.9359256126107572 0.9584096951865558 0.9784740886536497 0.9896161277703135 1.0120180402616519 1.0326676596662352 1.06476981428402 1.0727811592840366 1.1089415446721496 1.1310159817063512 1.1540814655407028 1.2331072680276027 1.3027404278510806 1.3694929687940576
108 1404 -0.21830579386632218 -0.05067122953316505 0.05017345782190534 0.29932227513621257 0.7570523575210908 0.7640204104256618 0.7782563997859535 0.8128937911147587 0.8242749152062427 0.8443932493836991 0.8651349848841354 0.8752041637001665 0.8872676959369142 0.9176420283772071 0.9359256126107572 0.9584096951865558 0.9784740886536497 0.9896161277703135 1.0120180402616519 1.0326676596662352 1.06476981428402 1.0727811592840366 1.1089415446721496 1.1310159817063512 1.1540814655407028 1.2331072680276027 1.3027404278510806 1.3694929687940576
109 1417 -0.23421314870696042 -0.05038835127368199 0.0477391886018069 0.30122070815358826 0.7570523575210908 0.7640204104256618 0.7782563997859535 0.8128937911147587 0.8242749152062427 0.8443932493836991 0.8651349848841354 0.8752041637001665 0.8872676959369142 0.9176420283772071 0.9359256126107572 0.9584096951865558 0.9784740886536497 0.9896161277703135 1.0120180402616519 1.0326676596662352 1.06476981428402 1.0727811592840366 1.1089415446721496 1.1310159817063512 1.1540814655407028 1.2331072680276027 1.3027404278510806 1.3694929687940576
110 1430 -0.23881594338551146 -0.04921754315269655 0.04740627455418853 0.30072228577598725 0.7570523575210908 0.7640204104256618 0.7782563997859535 0.8128937911147587 0.8242749152062427 0.8443932493836991 0.8651349848841354 0.8752041637001665 0.8872676959369142 0.9176420283772071 0.9359256126107572 0.9584096951865558 0.9784740886536497 0.9896161277703135 1.0120180402616519 1.0326676596662352 1.06476981428402 1.0727811592840366 1.1089415446721496 1.1310159817063512 1.1540814655407028 1.2331072680276027 1.3027404278510806 1.3694929687940576
111 1443 -0.2252556367848878 -0.04777971169584934 0.04936380601459481 0.30306416651789064 0.7570523575210908 0.7640204104256618 0.7782563997859535 0.8128937911147587 0.8242749152062427 0.8443932493836991 0.8651349848841354 0.8752041637001665 0.8872676959369142 0.9176420283772071 0.9359256126107572 0.9584096951865558 0.9784740886536497 0.9896161277703135 1.0120180402616519 1.0326676596662352 1.06476981428402 1.0727811592840366 1.1089415446721496 1.1310159817063512 1.1540814655407028 1.2331072680276027 1.3027404278510806 1.3694929687940576
112 1456 -0.22864137261397885 -0.05038843695611878 0.04826535613260592 0.29429961627682966 0.7570523575210908 0.7640204104256618 0.7782563997859535 0.8128937911147587 0.8242749152062427 0.8443932493836991 0.8651349848841354 0.8752041637001665 0.8872676959369142 0.9176420283772071 0.9359256126107572 0.9584096951865558 0.9784740886536497 0.9896161277703135 1.0120180402616519 1.0326676596662352 1.06476981428402 1.0727811592840366 1.1089415446721496 1.1310159817063512 1.1540814655407028 1.2331072680276027 1.3027404278510806 1.3694929687940576
113 1469 -0.2364427253174717 -0.047927459750477394 0.04617831169826844 0.2934248591660099 0.7570523575210908 0.7640204104256618 0.7782563997859535 0.8128937911147587 0.8242749152062427 0.8443932493836991 0.8651349848841354 0.8752041637001665 0.8872676959369142 0.9176420283772071 0.9359256126107572 0.9584096951865558 0.9784740886536497 0.9896161277703135 1.0120180402616519 1.0326676596662352 1.06476981428402 1.0727811592840366 1.1089415446721496 1.1310159817063512 1.1540814655407028 1.2331072680276027 1.3027404278510806 1.3694929687940576
114 1482 -0.23408587100598102 -0.04718146690977372 0.04404452724163713 0.2803191402253676 0.7570523575210908 0.7640204104256618 0.7782563997859535 0.8128937911147587 0.8242749152062427 0.8443932493836991 0.8651349848841354 0.8752041637001665 0.8872676959369142 0.9176420283772071 0.9359256126107572 0.9584096951865558 0.9784740886536497 0.9896161277703135 1.0120180402616519 1.0326676596662352 1.06476981428402 1.0727811592840366 1.1089415446721496 1.1310159817063512 1.1540814655407028 1.2331072680276027 1.3027404278510806 1.3694929687940576
115 1495 -0.23509631423099198 -0.04689923541468688 0.045350604888804234 0.28297585614169457 0.7570523575210908 0.7640204104256618 0.7782563997859535 0.8128937911147587 0.8242749152062427 0.8443932493836991 0.8651349848841354 0.8752041637001665 0.8872676959369142 0.9176420283772071 0.9359256126107572 0.9584096951865558 0.9784740886536497 0.9896161277703135 1.0120180402616519 1.0326676596662352 1.06476981428402 1.0727811592840366 1.1089415446721496 1.1310159817063512 1.1540814655407028 1.2331072680276027 1.3027404278510806 1.3694929687940576
116 1508 -0.23327259726073354 -0.04686476441237497 0.04658016794931432 0.27896021254864717 0.7570523575210908 0.7640204104256618 0.7782563997859535 0.8128937911147587 0.8242749152062427 0.8443932493836991 0.8651349848841354 0.8752041637001665 0.8872676959369142 0.9176420283772071 0.9359256126107572 0.9584096951865558 0.9784740886536497 0.9896161277703135 1.0120180402616519 1.0326676596662352 1.06476981428402 1.0727811592840366 1.1089415446721496 1.1310159817063512 1.1540814655407028 1.2331072680276027 1.3027404278510806 1.3694929687940576
117 1521 -0.23108278511994318 -0.047826452602380505 0.04646849070524946 0.2831280994833937 0.7570523575210908 0.7640204104256618 0.7782563997859535 0.8128937911147587 0.8242749152062427 0.8443932493836991 0.8651349848841354 0.8752041637001665 0.8872676959369142 0.9176420283772071 0.9359256126107572 0.9584096951865558 0.9784740886536497 0.9896161277703135 1.0120180402616519 1.0326676596662352 1.06476981428402 1.0727811592840366 1.1089415446721496 1.1310159817063512 1.1540814655407028 1.2331072680276027 1.3027404278510806 1.3694929687940576
118 1534 -0.2315270495979825 -0.04944801424500567 0.04870239508801498 0.28812779839297786 0.7570523575210908 0.7640204104256618 0.7782563997859535 0.8128937911147587 0.8242749152062427 0.8443932493836991 0.8651349848841354 0.8752041637001665 0.8872676959369142 0.9176420283772071 0.9359256126107572 0.9584096951865558 0.9784740886536497 0.9896161277703135 1.0120180402616519 1.0326676596662352 1.06476981428402 1.0727811592840366 1.1089415446721496 1.1310159817063512 1.1540814655407028 1.2331072680276027 1.3027404278510806 1.3694929687940576
119 1547 -0.2315835394637147 -0.0510699938316907 0.047895864956558995 0.2939992832157813 0.7570523575210908 0.7640204104256618 0.7782563997859535 0.8128937911147587 0.8242749152062427 0.8443932493836991 0.8651349848841354 0.8752041637001665 0.8872676959369142 0.9176420283772071 0.9359256126107572 0.9584096951865558 0.9784740886536497 0.9896161277703135 1.0120180402616519 1.0326676596662352 1.06476981428402 1.0727811592840366 1.1089415446721496 1.1310159817063512 1.1540814655407028 1.2331072680276027 1.3027404278510806 1.3694929687940576
120 1560 -0.23059336580691175 -0.05107523775047731 0.04947830857394782 0.2970276770964643 0.7570523575210908 0.7640204104256618 0.7782563997859535 0.8128937911147587 0.8242749152062427 0.8443932493836991 0.8651349848841354 0.8752041637001665 0.8872676959369142 0.9176420283772071 0.9359256126107572 0.9584096951865558 0.9784740886536497 0.9896161277703135 1.0120180402616519 1.0326676596662352 1.06476981428402 1.0727811592840366 1.1089415446721496 1.1310159817063512 1.1540814655407028 1.2331072680276027 1.3027404278510806 1.3694929687940576
120 1560 -0.23059336580691175 -0.05107523775047731 0.04947830857394782 0.2970276770964643 0.7570523575210908 0.7640204104256618 0.7782563997859535 0.8128937911147587 0.8242749152062427 0.8443932493836991 0.8651349848841354 0.8752041637001665 0.8872676959369142 0.9176420283772071 0.9359256126107572 0.9584096951865558 0.9784740886536497 0.9896161277703135 1.0120180402616519 1.0326676596662352 1.06476981428402 1.0727811592840366 1.1089415446721496 1.1310159817063512 1.1540814655407028 1.2331072680276027 1.3027404278510806 1.3694929687940576
