% # columns="iteration, evaluation, sigma, max axis length,  min axis length, all principal axes lengths  (sorted square roots of eigenvalues of C)", seed=482608, Mon Oct 13 21:19:36 2025
1 13 0.1988945363975263 1.0000479178146884 1.0 1.0 1.0000020833355034 1.0000041666753472 1.0000062500195313 1.0000083333680556 1.0000104167209203 1.0000125000781253 1.0000145834396708 1.0000166668055563 1.0000187501757822 1.0000208335503487 1.0000229169292556 1.0000250003125026 1.00002708370009 1.000029167092018 1.0000312504882864 1.0000333338888951 1.0000354172938442 1.0000375007031337 1.0000395841167637 1.0000416675347343 1.0000437509570452 1.0000458343836967 1.0000479178146884
2 26 0.18997482140989796 1.0447696275334546 0.9635387328978077 0.9635387328978077 0.9669402550606492 0.9754621760172721 0.9851845658985604 0.9952060863568295 0.996376644716413 1.0000031840545422 1.000009623529456 1.000014365552668 1.000017946987436 1.0000208834867887 1.0000247917482845 1.000026618324858 1.000028485553008 1.0000314263250096 1.0000349702790028 1.000038682485774 1.0000404740785542 1.0018145601429098 1.0039146522664133 1.008371313698533 1.0129839643081928 1.0177591901500285 1.0447696275334546
3 39 0.18682722677900462 1.0549544523113574 0.9434762398113911 0.9434762398113911 0.9615606475080204 0.9680494448296616 0.9751343052006131 0.9772193684938165 0.9837053314023791 0.9929334865528747 0.993437156039785 0.9956791057885241 0.9973677865313225 0.9986362591562141 1.000018580942931 1.000085507001589 1.0003503828112783 1.000572996374313 1.0018842385244175 1.0028505405186836 1.003787208510717 1.0067897981132217 1.0106445048890127 1.0151122302333475 1.0168604021320702 1.0252782440482426 1.0549544523113574
4 52 0.18230988404217552 1.0684952414174953 0.9367284523853482 0.9367284523853482 0.9509914965924998 0.9634313597659944 0.967969996980498 0.9724422255701403 0.9787049279199647 0.9823485946562165 0.9855885763806048 0.98887758910468 0.993101199773231 0.9951744689371669 0.9962820364040796 0.9974818129849791 0.9991312744409147 1.0031717437170937 1.0049666814395724 1.0058466604345002 1.0063289732096037 1.0097922082674928 1.013021876355634 1.0159471146889483 1.023764687663033 1.0407292143510043 1.0684952414174953
5 65 0.17960579807037297 1.074724188445068 0.9314388479318998 0.9314388479318998 0.9473617962666362 0.9577829600113886 0.9637458542179913 0.9650334190525692 0.9713136665017592 0.9772106592629304 0.9816800868802587 0.985370976665302 0.9882388273742709 0.9916307408801978 0.9922301294028677 0.9956200606208877 0.998835965995808 1.0015313531340553 1.0038127700196857 1.0042216822537007 1.006572068886387 1.0119281298170626 1.015902073115832 1.0246154221069252 1.0387494786366847 1.0447070247656145 1.074724188445068
6 78 0.17573831025039585 1.0884943882746472 0.9322238774315863 0.9322238774315863 0.9447668017625974 0.9479989051706494 0.9583038200737459 0.9602388591265402 0.9637288881979409 0.972957420416618 0.9795347095023649 0.9825566565324186 0.9832279270608297 0.9905682153313945 0.9930650781335385 0.9943374667393623 0.9955363702304892 1.0002079481398982 1.0029010586404545 1.0066200045307696 1.0085599397144864 1.0102932240553308 1.0207092116303094 1.0267804826326827 1.0444361092442118 1.0566635121804957 1.0884943882746472
7 91 0.17329615132949214 1.0983017146366796 0.9244338287457273 0.9244338287457273 0.9347197136908886 0.943138002157365 0.9527155606998451 0.9551699476429176 0.9649766722408403 0.9686043296634946 0.9711175921771276 0.9793729311313166 0.9802461768895326 0.9879496129691689 0.9903400059519725 0.9981984296702261 0.9987068151421497 1.0011798786618105 1.0039689269690077 1.00485437027563 1.0089927847720592 1.0137400890760067 1.027381487472115 1.0314747834669404 1.0423318692963643 1.0595767513133156 1.0983017146366796
8 104 0.17284438976269967 1.1064349685347805 0.9130691260483327 0.9130691260483327 0.9258479212910116 0.941206050886625 0.9436437246592495 0.955242793643123 0.9622124171163331 0.965169481432621 0.9682845865333622 0.9729838920871716 0.977471344199177 0.979723574895435 0.9866801639448233 0.9936041471082815 0.998393768705117 1.0024609575199797 1.0048241599021706 1.009907468695168 1.0196714781341765 1.026679441035642 1.0310105867706933 1.0385116568145034 1.0460706253269005 1.0589649401459615 1.1064349685347805
9 117 0.16748832475334824 1.1153133851187838 0.9128644378159799 0.9128644378159799 0.9148089247823507 0.9325739941265773 0.9376883578862694 0.9463611510290809 0.9576643060858682 0.9607800796452264 0.9646291032636667 0.9732898897633352 0.9755611952190112 0.977800233909705 0.982533132625196 0.9936423360129726 1.0002008688604664 1.002107073316929 1.0057266431396443 1.0099132005752198 1.0221169265170167 1.0274246838714065 1.0415365912986256 1.0447416141696335 1.0505879064872756 1.0685005757377868 1.1153133851187838
10 130 0.16474042015018478 1.1170695307541323 0.8962473238606492 0.8962473238606492 0.9105549045705346 0.9246108173852513 0.9359423931206082 0.943693645797627 0.9532498862294742 0.9556060837832312 0.9629221140541114 0.9696847179175649 0.9731437708927645 0.975210512507469 0.9871824011203567 0.9926969553704676 0.9983213315682269 1.0029992886507553 1.0043904629061133 1.0104853924258717 1.017958391229915 1.0335742616951822 1.0392667928067445 1.040898929579072 1.05011981252893 1.079252148328691 1.1170695307541323
11 143 0.1634531003801948 1.1170216031597888 0.8910472821966621 0.8910472821966621 0.9032493263031494 0.9216715373253606 0.937833854234249 0.9438397649778882 0.9453847899892859 0.9514893648243381 0.9625272949359861 0.967773693597549 0.9704107101933066 0.9756139282369509 0.9883523473813798 0.9907213557957538 0.9975708116102522 1.00063993802566 1.0029668183015203 1.01555629429657 1.0167034352537383 1.034793307054681 1.039163061075294 1.0422140452084436 1.0455496073060684 1.0931593585350308 1.1170216031597888
12 156 0.15681996240304982 1.1205065997980137 0.8840296542491798 0.8840296542491798 0.8971727654486872 0.9151970063962448 0.9264129362747954 0.9387855812538056 0.947316379648592 0.9526323305325759 0.9567633118344964 0.9627334174246918 0.9716869787393464 0.9771334344155759 0.9850762338554712 0.9902888045708464 0.995809446260392 0.9974537795000784 1.0030447789371713 1.0128450850151929 1.0211316029734463 1.0355985498559555 1.0365957115401667 1.0438580024940567 1.0638666705078543 1.1073223886666745 1.1205065997980137
13 169 0.15560179832348342 1.1242354952591778 0.8810148708904847 0.8810148708904847 0.8997238022525668 0.9099973513391011 0.9262809284281838 0.937637530936971 0.9398429071022214 0.9503176244857516 0.9544363832336845 0.9574330198027227 0.9689728394778089 0.9742025386434813 0.9813203007272191 0.984360948021145 0.9945368373904508 0.9981165828509423 1.003193711319747 1.0082669929664645 1.0262649607321666 1.0309845490254936 1.0367817294135926 1.0436483836860668 1.0657634052053848 1.1152212048911292 1.1242354952591778
14 182 0.15967493725965465 1.1311693043601547 0.8765087561997448 0.8765087561997448 0.8902906814582214 0.911525258227671 0.9240933430805605 0.9308669350995522 0.9370731758980901 0.9450874550884721 0.9533900117104834 0.9550659470385182 0.9659679480733107 0.9717200830191435 0.977063838134144 0.9835138967238328 0.9889763565533615 0.9977248129031087 1.0012251724003365 1.0075873196595104 1.0224715835259708 1.0329491847398036 1.0369420965593295 1.0453181180226472 1.0820148646797556 1.1176129683954785 1.1311693043601547
15 195 0.15745970372366502 1.164791609117318 0.8752380616264164 0.8752380616264164 0.8885127836513659 0.9033193975524361 0.9104325541422146 0.9239001143377471 0.9370076883364338 0.9405380265623464 0.9530535193735121 0.954314062833888 0.9632489858660543 0.9690942184320411 0.9755188404147676 0.9852245967758884 0.9876770797271803 0.9969800514180337 1.002823105192315 1.0068930712673163 1.0218714457753397 1.0335422836356767 1.0385384007426381 1.0556562546010828 1.0765253785168 1.1116537159947544 1.164791609117318
16 208 0.1524860311278174 1.180107334594945 0.8702276953083182 0.8702276953083182 0.8773154226724145 0.9011185470705099 0.9059851934329718 0.9199831447223761 0.9303968968126665 0.9415470750737098 0.9486018026776701 0.9521794413911245 0.9600069072547965 0.9650804938490946 0.9750501665389338 0.9837708603060611 0.991727564436355 0.9971472207336954 1.0023726314292123 1.0077780371290974 1.02065939637955 1.0314271744799088 1.0343910272083845 1.0545345051789223 1.0877553589915 1.11234675674134 1.180107334594945
17 221 0.14579734994540433 1.1926191362479284 0.8651401419227708 0.8651401419227708 0.8730784283522861 0.8964833955693032 0.9046736728391032 0.9160028080371465 0.9260193454153458 0.935711390334674 0.9444583771043114 0.949873687446229 0.9559426349388535 0.962802737013232 0.9774181940630857 0.9837847030724091 0.9909794650187309 0.9914053870001481 0.9991379187919955 1.0081915995107915 1.0218878832455627 1.0319133526032487 1.0436643288412641 1.0541842853428112 1.08706877500733 1.1156473461865353 1.1926191362479284
18 234 0.13883547892452852 1.1889439124269265 0.8636459509268333 0.8636459509268333 0.871610077699607 0.8882843043151016 0.906323369305288 0.9150082770374569 0.9192861569215378 0.9272604647972312 0.9447204158023476 0.9463146388797891 0.9542516467643312 0.9641950376774862 0.9729379948543082 0.982802743370095 0.9861442288201071 0.9945451353942438 0.9976052953382065 1.008439414763761 1.01894630812531 1.027985982774461 1.0396287959702777 1.0623043023019045 1.0932977978507523 1.1131875606365453 1.1889439124269265
19 247 0.1328152134389968 1.1924064905551048 0.8623061951449017 0.8623061951449017 0.8696146474131583 0.8833805914974308 0.9017677417201543 0.9133268653012607 0.9163638105329541 0.9263674935165978 0.9379744998300068 0.9461159935490848 0.9528342012055185 0.961637704137734 0.9735012657180916 0.9777015463715982 0.9851380158993867 0.9943931902752953 0.9948921589310563 1.0037727838167767 1.0170778250328831 1.0269567391794314 1.037774384523855 1.0669718428210555 1.0957128471956412 1.118452711130587 1.1924064905551048
20 260 0.13116220901803682 1.2065045622548445 0.8593077238346255 0.8593077238346255 0.8650841411632455 0.8830606988448663 0.8971000907724499 0.9115946656946441 0.9189221634765106 0.9245875839346103 0.9296648754158406 0.9444049596192384 0.9471670975599409 0.9591753302690827 0.9689507210488387 0.9797613729981012 0.986395511912256 0.987805586897041 0.9926635710363451 1.0031071463844188 1.017730006822588 1.0268169569340133 1.0363382164073895 1.068890028792598 1.0943809625611365 1.1198377798504044 1.2065045622548445
21 273 0.13132534704270746 1.2133660787735945 0.858431444362169 0.858431444362169 0.8656242297107032 0.883856904736493 0.8912390542621709 0.9131974615542097 0.9170365097767715 0.9239707267089731 0.9276550074664035 0.9425355688934199 0.9468568504114757 0.9570437275499166 0.9688634173719624 0.9755394323520045 0.9833274466875453 0.9901312085292463 0.9979569554923401 1.001746305797357 1.0185744532866021 1.0248856121969316 1.0443302952900693 1.0714037288700566 1.0884117700883549 1.1220880912597595 1.2133660787735945
22 286 0.12691237677323033 1.212257560988284 0.8593517636248832 0.8593517636248832 0.8676198474446125 0.8829014478247075 0.8924907306377643 0.9038001839874229 0.913032767528932 0.9217627061594401 0.9289809503642174 0.9407979793506679 0.9430148242612282 0.9563658967791309 0.967286600382468 0.9733703426185103 0.9831505025642414 0.9905366103057796 0.999597075854339 1.0013513861259538 1.019109870522327 1.0263684632628667 1.042068922794467 1.0655459151359268 1.0912045215913972 1.120874483670283 1.212257560988284
23 299 0.11952322074493776 1.2151795446279934 0.8585159903542019 0.8585159903542019 0.869034542880874 0.875262110921147 0.889745942155695 0.9015497051006365 0.9071718338553245 0.9172376625849413 0.9299568550419974 0.9328653176742597 0.9413285237863441 0.953177765971969 0.9644959168881927 0.9719924885300847 0.9816526772312318 0.9911817486130092 0.9961659701758996 1.0027953298764385 1.0197331779221597 1.0273908109175374 1.0427201034103748 1.0658004398817726 1.0919738119216422 1.1193555628142637 1.2151795446279934
24 312 0.11389745656988881 1.2189483273842345 0.8509290247698158 0.8509290247698158 0.864744626896 0.8764121246955303 0.8841433484209066 0.895495617951925 0.900873602844758 0.9149983210659047 0.9262635118621892 0.9335523882775475 0.9402430833591252 0.9487649452097496 0.9646597718228282 0.9715513339298205 0.9809228679191546 0.9896188288579505 0.9939401943886226 1.0047903167116055 1.0216937356538414 1.027370741963536 1.0375277498502546 1.061274183675143 1.091093250828891 1.1196024374157163 1.2189483273842345
25 325 0.11218810258983478 1.2175236496005535 0.8477224843360152 0.8477224843360152 0.8557302087131201 0.8789110266232688 0.8817889166826519 0.8913661519975783 0.8975449609890029 0.9116523493483806 0.9226091390278502 0.9308208720965981 0.9424809397932373 0.9453189073273528 0.9635106058966997 0.9711113762439448 0.9794989183056534 0.9890523450731997 0.9952133106048193 1.0042031857686944 1.0230368462395278 1.0266328590781166 1.0346591184729872 1.0710269483321635 1.0813942628774749 1.1166562921231273 1.2175236496005535
26 338 0.11015030616682299 1.2160803707415615 0.8450098100020161 0.8450098100020161 0.847609117085574 0.874364670090253 0.8799746118435665 0.8928217589825912 0.895517348122307 0.9059445543466509 0.9174935023864853 0.9312638272327924 0.9342080587271372 0.9511203123497831 0.9573793392642369 0.9701539423161225 0.9840485531989652 0.9886232781741282 0.9923954552206544 1.0006235672190325 1.021152242967516 1.0263444827014834 1.0314808104067503 1.0734482717276541 1.0862462704633842 1.1202574844740623 1.2160803707415615
27 351 0.10678560999985112 1.2190777584111472 0.8430324237423825 0.8430324237423825 0.8502482602301129 0.866469134308494 0.876647482824428 0.8878885281918814 0.893640939557422 0.9019660853230419 0.9165004932234311 0.9332354961070705 0.9353029052267234 0.9452660027608455 0.9604349281431943 0.9672704436808427 0.9870123093247953 0.9877996220230656 0.9960696099258628 1.0086681146428098 1.0186921724352567 1.0276319317381952 1.0375314377787455 1.0713548079318775 1.0792338524854017 1.1224892774238735 1.2190777584111472
28 364 0.10325116454154273 1.2156437277403205 0.8425921911549922 0.8425921911549922 0.8490568831278302 0.8657353765391478 0.8727794544195533 0.8834238664679567 0.8890841429227598 0.9033797654113079 0.915620070747545 0.9341186497354274 0.9388859769947285 0.9407666923054301 0.9562416771237168 0.9648222145429332 0.9791953313914433 0.9828945377204392 0.9961967226402207 1.0082125412396539 1.015819999181368 1.0253409323092229 1.0480497834942608 1.074355284745668 1.076513491261634 1.1223989891388664 1.2156437277403205
29 377 0.10086383181074556 1.2166723793813488 0.8323288184838413 0.8323288184838413 0.8528832758070748 0.8631374014294346 0.8726567866000076 0.8787235188315022 0.886315543499229 0.9043842584682684 0.9109516074101978 0.9349956967438242 0.9430350009990993 0.9508638531928687 0.9586518585730942 0.963605154515005 0.9747707548782164 0.9812490596302577 0.9969907072719623 1.0027888263907643 1.0083709053174943 1.0161357816189847 1.0541492192965742 1.068076616068738 1.0777515849840529 1.1211902910345315 1.2166723793813488
30 390 0.09632992292875012 1.2161234271719221 0.8250037844463308 0.8250037844463308 0.8445159280302471 0.8610953437611182 0.8694757765122714 0.878416656370272 0.8857720683534418 0.9037377902200971 0.908911913990747 0.9300615021523048 0.9435928747426059 0.9488065050680281 0.9612869764735869 0.966424116377474 0.9753786836849464 0.9904419133888611 0.9965962743283846 1.0012149324238862 1.013844257356029 1.0218934065638248 1.0514512556539564 1.0695230563345173 1.0776386617944171 1.118973424251798 1.2161234271719221
31 403 0.09490970214741118 1.2169728118873961 0.8235425254756878 0.8235425254756878 0.8412016438976216 0.8583653830681252 0.8663349061680681 0.8767830067747721 0.8855466869305911 0.8997473473307432 0.9097302596067991 0.9287593143748509 0.9405806177304309 0.9472823175934701 0.9581294921433141 0.9674104854904653 0.9701682875587649 0.9931708325590938 0.9972977754930978 1.0041559425164717 1.0070824391796755 1.0154769196844964 1.0510718026636556 1.057746552418179 1.080535655522586 1.118505363534593 1.2169728118873961
32 416 0.09017538256394114 1.216009205100851 0.8240972319320626 0.8240972319320626 0.8336122385104922 0.856450418194886 0.8639669545210593 0.8759864928391978 0.8782439777632361 0.8976488659225711 0.9070613056049508 0.9266874234461886 0.9364823862313486 0.9504823927467387 0.9544910858461048 0.9609193874389482 0.9656786994149267 0.9926309476097356 0.9945386438872705 1.0020212867910911 1.0108794358725355 1.020997608759505 1.0531127012606938 1.0581476876951756 1.0818296648968408 1.1243139280677228 1.216009205100851
33 429 0.08635306759095121 1.2138546385072275 0.8155796936749529 0.8155796936749529 0.827580784452159 0.8558276144168446 0.8613496749534711 0.8691114125504432 0.8792088430219098 0.8924231546561975 0.9013959901926788 0.9131981968235074 0.9315644101345499 0.9461957096081086 0.9550876800828115 0.9604626722471024 0.9664965757262965 0.9907420966781958 0.9970104439224767 1.005847487869067 1.0112599533412236 1.0239934708259795 1.0524898240928682 1.0600084653786845 1.0832641989059542 1.128864359054666 1.2138546385072275
34 442 0.08343181413704545 1.2160851670789348 0.80801305361204 0.80801305361204 0.821264991707549 0.8540520047056451 0.8609756926831069 0.8661003474180442 0.8758769648032783 0.89099413912914 0.9052735965328097 0.9166951326422618 0.9250996368396897 0.9440258116347008 0.9515015132758202 0.9586724457601653 0.966863239820554 0.9897155782335202 0.9942179600441796 1.0020845264170881 1.0084352290207435 1.0284240651168504 1.0546296891770712 1.0679876779960966 1.0856378414565826 1.1270290831208205 1.2160851670789348
35 455 0.07944138346526039 1.2207421738962554 0.804341870068329 0.804341870068329 0.8234345772062748 0.8442327195513766 0.8512772091116723 0.8646190335539335 0.8697688077780308 0.8880505217510248 0.9059372026095641 0.9142425494394842 0.9241144638780817 0.9403194356823353 0.9485062436197866 0.9566639239012841 0.9701915062914791 0.991374421340104 0.9939265620693327 1.0002092679758106 1.0060947305899273 1.0280172121149003 1.0591115495093908 1.0699232175348767 1.0895788768572379 1.122608065562912 1.2207421738962554
36 468 0.07601516479245543 1.2207931977877429 0.8024283278413651 0.8024283278413651 0.8271704250613084 0.8386741309408374 0.8467874104876982 0.8626968494317696 0.8643358625888302 0.8845707121462157 0.9018928915081503 0.9138207415526902 0.9177111982754459 0.9412206228126437 0.9456122905054126 0.9506569003148344 0.9706681285298835 0.9879909730949828 0.9984485282695128 0.9995635613386921 1.0073036170277767 1.029184698383687 1.0570025644164822 1.0735548283893823 1.0940611507447267 1.123121866583736 1.2207931977877429
37 481 0.07569011866980607 1.2103377425190893 0.8021422605647471 0.8021422605647471 0.8250941641288815 0.8408997867103486 0.8472278018907002 0.8518384186584795 0.8658012267018328 0.8857999352561975 0.8991901204859479 0.9128086810395046 0.9144089088304999 0.9407348008994518 0.9471763519222287 0.9500220657000967 0.9725846472771855 0.9859110706743156 0.9912931119685803 0.9961438166099521 1.009553380323869 1.0280534805253523 1.0555262227140727 1.0721736159250803 1.093273336399458 1.1334086436452706 1.2103377425190893
38 494 0.07496292422981736 1.224812656978018 0.7979693512160272 0.7979693512160272 0.8197234376140367 0.8344045386766141 0.8437424198683028 0.8516394770111735 0.8679135853921562 0.8842596134617158 0.8971547757229017 0.9114175221790237 0.9170348053833582 0.9379635145085784 0.9459403014429885 0.9501784150679915 0.9668556580629519 0.9747891011060099 0.9976252553870444 1.001509770236684 1.0047776043830372 1.0300225421929758 1.0515412742038388 1.0722099618094454 1.0980578075520804 1.1304382669434716 1.224812656978018
39 507 0.07044923282843343 1.2341875669935667 0.801150287094768 0.801150287094768 0.811417980614333 0.8333311462553414 0.8406345023083275 0.8465112593457517 0.8678447911926476 0.8825409975840531 0.8908494301692399 0.9079068486130212 0.9236620405925563 0.9343749727787064 0.9455988348957887 0.951460292339123 0.9563053536019624 0.9769953098391452 0.996949643143035 1.0007960226821735 1.004778194759075 1.0298626082990374 1.0481936982815125 1.086510040816607 1.098553583818249 1.13335231303355 1.2341875669935667
40 520 0.06839511701335536 1.2343585263917247 0.8049341512382874 0.8049341512382874 0.8088222263969591 0.8300062355229203 0.8392756414676106 0.8506883587013088 0.8620494310419846 0.8703329258391858 0.88428002356211 0.9048290085303404 0.9229372410513307 0.9343830408160843 0.9463706136462012 0.9527859855813814 0.9568894568015196 0.9776327266927611 0.9927065922373468 1.002692769262647 1.012850465634761 1.0301249321072827 1.0421454493267293 1.0887398859593969 1.1000232215735297 1.12598554676317 1.2343585263917247
41 533 0.06724655080319725 1.2171485610415673 0.8036334619940794 0.8036334619940794 0.8104366051817418 0.8281968117812616 0.8342178808530075 0.8516636761044155 0.8594698853132172 0.867876074845004 0.8859625667058654 0.9083561316765282 0.9228350787491135 0.9268988479204262 0.9481581000540219 0.9560381037078655 0.9566662769078346 0.9766510205803427 0.9935417196660845 1.0048576087157364 1.012303741607521 1.0264179833336151 1.0490695132059196 1.0810746880606896 1.0909722504632784 1.1377244055303735 1.2171485610415673
42 546 0.06382962452284763 1.221110741404471 0.8030428426278153 0.8030428426278153 0.8061113597302589 0.829011776696296 0.8363387944295347 0.8487733252555948 0.8554688349627124 0.8684790180614015 0.8782135079536889 0.9023312858105976 0.9169100177746938 0.9260992589801229 0.9527251419732371 0.9557932536668011 0.9570582986307853 0.9741072878443554 0.9915903739991144 1.0017897595039096 1.008780326553118 1.0274260200575167 1.0475139190259284 1.0782192715105594 1.0825997764282567 1.155584684348376 1.221110741404471
43 559 0.060825518098643845 1.2217681535265414 0.799514107385056 0.799514107385056 0.8058970697327359 0.821382303872785 0.8337245378733692 0.8466288642999255 0.848007930274759 0.8641497698638331 0.8754630602060336 0.9014471833364837 0.9198984053625711 0.9264709312792112 0.9507809848243737 0.9550878245098575 0.9570938526348785 0.9708011656395964 0.995088323180848 1.0048427833638722 1.00737883125109 1.025870265902882 1.0482265949225242 1.0680335828231848 1.0852463209784469 1.155371368286907 1.2217681535265414
44 572 0.05666532595500983 1.221634980771154 0.7944665827631868 0.7944665827631868 0.7984607758393617 0.8211191240358116 0.8335036250281787 0.8429314816855032 0.8459026580888873 0.8664948028068404 0.8775168576317067 0.8985083280311265 0.9121197521994057 0.9262660962146126 0.947042580729677 0.9544912979012786 0.9603694277660773 0.9744875952621522 0.9823485571682484 1.0040606720371772 1.0057242303498541 1.0237428981228769 1.0468044205849976 1.0666520290996597 1.0913606005621528 1.1540582119397707 1.221634980771154
45 585 0.053052000895220774 1.2218265294038009 0.7945865135611333 0.7945865135611333 0.7972624372635538 0.8172361975285458 0.825607933471383 0.8400770649330322 0.8445686617865038 0.8632320891854057 0.8727286019070423 0.8957356211090577 0.913715441490939 0.9259619087013953 0.9487508339656462 0.9542096478973959 0.9588171993677885 0.9714014614634778 0.9842641464614904 0.9977948615931342 1.0045510049829915 1.0196341104304492 1.0469606088937773 1.0669954560001254 1.088054261764983 1.149435300600364 1.2218265294038009
46 598 0.049396417939814835 1.2296906012089326 0.7922572204551586 0.7922572204551586 0.7951963075084771 0.817464208897393 0.824697582428052 0.829985791091732 0.8453345873970047 0.8616341475672936 0.8686175272804184 0.8979566766343275 0.9124854917346503 0.9243269002230761 0.9446457565794084 0.9555233825123264 0.9584195620062662 0.9703427832044195 0.9818231111194244 0.9872299992299292 1.005002429963988 1.0152152388065765 1.0446885389016534 1.0632567133598825 1.092313711197902 1.1487809861092797 1.2296906012089326
47 611 0.04643854958437242 1.2295022948263203 0.7888452683008377 0.7888452683008377 0.7946551674330925 0.8091764205222474 0.8233231243485234 0.8283883977109732 0.8423140378722085 0.8536008793663946 0.8675565569495061 0.8927645046694873 0.9128269111294018 0.9243554278436429 0.9402998772018412 0.9500068834324199 0.9558813311245793 0.9676066803866811 0.9816326783236885 0.9917622534591044 1.0014072113965802 1.0135997719202539 1.044525867642491 1.0646909670486617 1.0914782701743813 1.1521682275401905 1.2295022948263203
48 624 0.044243625302022686 1.2292975417017211 0.7883339166498189 0.7883339166498189 0.7921252274729738 0.8050357549581515 0.8186639446890314 0.8265703021379605 0.8410018070673677 0.8477831497108925 0.8671529456722493 0.8935591880165692 0.915396692582488 0.9231113636014328 0.9430681052583464 0.9519192610768034 0.9553469804826373 0.9627294040106555 0.9741199398842951 0.9905942008428926 0.99784836779732 1.0120392281209856 1.0470838511786305 1.062271601290655 1.0936541548623182 1.1542862682224786 1.2292975417017211
49 637 0.04161279106592732 1.2313805673929095 0.7857367297646604 0.7857367297646604 0.7911327923597266 0.7996614563965585 0.8147710260072675 0.825918614977259 0.8360767353639812 0.8469119255903317 0.859409129865774 0.8882146563073453 0.9127386426099657 0.9175625680291614 0.9416834804322015 0.9489790883624144 0.9585250487387074 0.9609256602974197 0.9752266952233286 0.9897933139040371 0.9936937299737915 1.0167085921822723 1.0538936741344904 1.0669205509026045 1.092357729202097 1.1541722663840401 1.2313805673929095
50 650 0.03833447064598019 1.2351576407321256 0.7846019914123844 0.7846019914123844 0.7883193980787914 0.7925821445848216 0.8085031188034789 0.8251456510079093 0.8365154440220934 0.8459516902768016 0.8583292408496239 0.8867478096999756 0.9051644677854372 0.914091978192281 0.9419615969722928 0.9483649699132196 0.9596206069142772 0.9606472251575687 0.9772427987425117 0.9872716865298636 0.9942607306016997 1.012907409029153 1.050914203504381 1.0672920532450596 1.083657933526792 1.1512304326203262 1.2351576407321256
51 663 0.035234304047804685 1.233934549020566 0.7798884249998758 0.7798884249998758 0.7806320487726344 0.7897210561341392 0.8073801619647182 0.8270414366950755 0.8337925801901729 0.8416181887198394 0.8576541008228599 0.8821043540638775 0.9061988797742987 0.9134735181023165 0.9404476383479187 0.9427455580173004 0.9520774580847986 0.9590031004582293 0.9726504086020717 0.9891933157214804 0.9909783002881205 1.0122866660180367 1.058041614884525 1.0634460889418202 1.0815233842447078 1.146867553546561 1.233934549020566
52 676 0.03345750638260801 1.2340002772394028 0.770461340275962 0.770461340275962 0.7791497105774516 0.7896110755955292 0.8074548571849293 0.8221350516211693 0.8365481529400587 0.84178159550239 0.8571531761151008 0.884038318059818 0.8891481231384134 0.9158627671961925 0.9308477073572903 0.9473557676082749 0.9515578164460773 0.9546996941419416 0.9714384127229712 0.9890212750576416 0.9910631066603809 1.0146017741509692 1.0572554490427246 1.064465528337652 1.0811583329835217 1.1440320954992211 1.2340002772394028
53 689 0.03203137971806466 1.241519817354007 0.7695408236739711 0.7695408236739711 0.7765610470515736 0.7906371327493363 0.8070944196606844 0.8209145171811244 0.8328900057249315 0.8380299349542019 0.848838522183819 0.8816377379532105 0.8866024007873503 0.9108004623522067 0.9299549642686792 0.937437140146483 0.9520008644621121 0.9573393908361578 0.9700431625392562 0.9889529471912599 0.9972427732024112 1.0167431146913153 1.0537008081897998 1.0672662902323784 1.0769932250073775 1.1461760536885923 1.241519817354007
54 702 0.031343917772070996 1.2343436022877088 0.7644411773175471 0.7644411773175471 0.778907603691942 0.7896352034719828 0.8067733741036482 0.8147988949222259 0.8326325428253422 0.8344402131133899 0.8444450431509396 0.8779551211622109 0.8864127235415677 0.9118276094132408 0.9274911669302345 0.9334017848101638 0.9474604672801398 0.9514197581389852 0.971793534169511 0.9904629465749427 0.9974070608408371 1.0168263374918876 1.048479197316656 1.0673245194591605 1.0790089486256145 1.1494687990248504 1.2343436022877088
55 715 0.032506698871232795 1.2314836365425692 0.7571311658341585 0.7571311658341585 0.77975489820303 0.7891489459519674 0.8073219865782614 0.812477229832008 0.8321366014199514 0.8335538302009176 0.8462737412266207 0.8773222732871507 0.892795802495353 0.9075183175101635 0.9226829472064602 0.9288350715879271 0.9429914301979364 0.9505654768650111 0.9705065417985684 0.9923074616663584 1.0006452613961996 1.0183484819208963 1.0459162099073798 1.0720568772304389 1.0877964371683382 1.150132861837841 1.2314836365425692
56 728 0.033255921157977195 1.2436972788748775 0.7623257769001814 0.7623257769001814 0.7798547947479813 0.7881637192955382 0.8033891359622458 0.8091678246429939 0.826857320766287 0.8309817454586953 0.844900589177504 0.8746084430064034 0.8903697169263256 0.9055001217735569 0.9091805465649176 0.9253868387099423 0.9412691463655026 0.9606256904162395 0.971728093317103 0.9948992373008086 1.0091650946658774 1.024336550128322 1.045137270585367 1.0784361868459043 1.0925175786250165 1.1549463629379093 1.2436972788748775
57 741 0.03448542366610421 1.2456059550606842 0.7575758061029401 0.7575758061029401 0.7779479038697945 0.7852755015512943 0.8008433325569676 0.8049840548548659 0.8232297732630632 0.8305436007084064 0.8454446065074704 0.8707694421681907 0.8847807797231034 0.897846514666515 0.9095938806217624 0.9260779469795399 0.945583386254333 0.96060044880022 0.9748809755056133 0.9944764182915292 1.011214604726412 1.0359216999303351 1.043396344731095 1.0838249414432928 1.0903921596476527 1.1594345207345513 1.2456059550606842
58 754 0.0345535829323483 1.2473416359413274 0.7512011625152532 0.7512011625152532 0.7756706210599176 0.7867940552240228 0.7958287693122137 0.8031568036635253 0.8227046065498724 0.8279949983918724 0.8522106766365609 0.8680512991989335 0.8743147415139264 0.8945371962545768 0.9105392585547902 0.9214708780511341 0.9451281316852074 0.9579331253330489 0.9739917910644802 0.9941243292622731 1.0155394603757792 1.0390289595781135 1.0577295623486787 1.082076176899321 1.1008202910607394 1.16499022391015 1.2473416359413274
59 767 0.034266585629834256 1.2459716873325413 0.7459112513490281 0.7459112513490281 0.7722715959757064 0.7788633482300714 0.7983309859381825 0.7994643760334235 0.8213663981677559 0.8324917953527526 0.848497478906455 0.8664770637769242 0.8755777384636774 0.8929386417049051 0.9141985257154026 0.9178378070710602 0.9442730468520524 0.9561395285016256 0.9735668511655061 0.9883742404607648 1.0160246422646924 1.0397504918452372 1.0577001232667451 1.081894648534203 1.1212809221408526 1.162745839491412 1.2459716873325413
60 780 0.034891032069052266 1.2401528836717512 0.7433072044252301 0.7433072044252301 0.7683729508822928 0.7794007008947018 0.794100188684839 0.8000852742533855 0.8166252042728861 0.8297470363892928 0.8502446699973405 0.8622435855018857 0.8744867211336079 0.893944920213977 0.9106864434088106 0.9120492141267948 0.9451747246383175 0.9608566027155956 0.9717335363189447 0.9873297782089571 1.0171320815873415 1.0359563344163198 1.0681325855517627 1.083293916965528 1.1280315624033979 1.1619962682202942 1.2401528836717512
61 793 0.03458651226378597 1.2531757895556717 0.7413161917665791 0.7413161917665791 0.7658942851896555 0.7781016428468498 0.7936345426745397 0.7957364099226281 0.8139618652447563 0.8256993596605929 0.8483068380217756 0.8654935081680434 0.8698183195440659 0.887747995121295 0.9082762822072223 0.9138203786857076 0.9446285780217414 0.9593941440432696 0.972849244642053 0.9892398365268361 1.017387976984478 1.0412089599547327 1.0664850878357552 1.0964170364907333 1.1286144727687764 1.158133307562334 1.2531757895556717
62 806 0.034676780202727284 1.259076324115696 0.7385415009927553 0.7385415009927553 0.7610761874845405 0.7753626845986374 0.7910070073358879 0.798758104844341 0.8136260252636619 0.8264474841467351 0.8474023853712717 0.8592771697639816 0.8675391965755699 0.8820491712934966 0.907201767040895 0.909954845060997 0.9364871861736339 0.9555581567431534 0.9756722074327577 0.9910990989795624 1.0168481484985141 1.043725052723785 1.0619338121637818 1.0963522635149072 1.129126689312041 1.1598968355989099 1.259076324115696
63 819 0.034854194435138604 1.2786566123615881 0.7277178450820405 0.7277178450820405 0.7524486534858986 0.7749256469876139 0.7818766401110768 0.7989495041070455 0.8125366903379801 0.8275234823603704 0.8453925857750343 0.8583033778702609 0.870169910433124 0.8801876268471222 0.9044057887778371 0.9102292230838016 0.9334768122973228 0.9548634442993688 0.9733002609140822 0.9919606391091459 1.018309737660714 1.047118634979853 1.0620028776301764 1.102079679460276 1.1349490910803641 1.1595427216317922 1.2786566123615881
64 832 0.0348715083526429 1.2994180417700911 0.7257304006908836 0.7257304006908836 0.7524301019020224 0.7663948797326371 0.7762207481235989 0.7944118866395139 0.8091309815693918 0.8313267766385141 0.8477433068388367 0.8546640859671617 0.8698019157317856 0.8822943395013678 0.8979895736358202 0.9126226426371767 0.9303911822787989 0.9559246675124341 0.9749057081860625 0.9874614862311303 1.016384952872116 1.0409043175476262 1.062933882210205 1.104007821435805 1.1320607736475645 1.161847456060446 1.2994180417700911
65 845 0.035563464260819855 1.3131664212797303 0.7265401423446061 0.7265401423446061 0.7479726889126037 0.763368833356849 0.7757791797759845 0.800522736248071 0.811631017866836 0.8283526368288946 0.8454207751681772 0.8550843854004369 0.8643735756731454 0.8892819152039544 0.894412831746016 0.9191316058930358 0.9264503092320729 0.9563181815314745 0.9721776308483637 0.9819543635675666 1.0106194169567855 1.0350998287730127 1.064356165882318 1.099233878797637 1.1351971330820374 1.1617376345624892 1.3131664212797303
66 858 0.03534475170432247 1.3195599683622707 0.7246698678624914 0.7246698678624914 0.7461233012633169 0.7649544012337981 0.7744093837752813 0.7962874455720368 0.8122531207427715 0.8367329494094691 0.8411509507335277 0.8540541206973322 0.8610523433677685 0.8847904601920868 0.8908517209493159 0.9179205534683892 0.9233798560892018 0.9525614183651948 0.9707299445566604 0.9793814825278621 1.0133998485535127 1.0358646247539807 1.0704629880013694 1.0949959505655664 1.1305010209604165 1.1629724085886795 1.3195599683622707
67 871 0.03496937993967228 1.3261043560696473 0.7216289420544226 0.7216289420544226 0.7479190842674079 0.7615745673236624 0.7721789139871337 0.7964792261447179 0.8144287212194461 0.8369290200995185 0.8393374867613194 0.8429396758134744 0.860830053247957 0.8835964114806277 0.8921337521028122 0.9187524732112916 0.9238511675531419 0.951592274584575 0.9687884684772187 0.9766956520548242 1.0152881853112798 1.0343342698773499 1.0685088590390646 1.0957024080160567 1.1237913275093556 1.16258790147586 1.3261043560696473
68 884 0.034147925607580676 1.3296030243691424 0.7213031642665579 0.7213031642665579 0.7445517607592254 0.7595727764723362 0.7717616121593911 0.7952842424053447 0.8091087000559035 0.8336986711713623 0.8412158434641214 0.8490505001106894 0.8593606765965375 0.8844462211442374 0.8875466269262939 0.9113896513340952 0.9197254769860248 0.9535248739742922 0.9639695109526636 0.9790815884240653 1.017312488571589 1.0345217529912847 1.0651400678353715 1.0987858340333907 1.1251595033220407 1.1552842903561473 1.3296030243691424
69 897 0.03302416837255893 1.3367889990159327 0.7188651057846692 0.7188651057846692 0.7393857148473874 0.7602872015002331 0.7712522213587231 0.7964421961580016 0.8099095513092861 0.8315535983407879 0.8352440004855963 0.8529429501170166 0.8549126590023365 0.882740848002786 0.8879134214586745 0.9127722228261226 0.922123822701506 0.9540704655829618 0.9642091704203298 0.9740498867433134 1.0207228072559484 1.0355347595985713 1.0557072071198275 1.093193391080222 1.126607160255591 1.149057173947967 1.3367889990159327
70 910 0.03225320681094614 1.330061896999154 0.7207311469827932 0.7207311469827932 0.7366945004030058 0.7612115454597125 0.7685950088462363 0.7978138973692153 0.8120167373930581 0.8261252085449247 0.8304966382934041 0.8526924720490141 0.8564461311174664 0.8742216491361925 0.8860460422757622 0.911451310200464 0.9174654764696117 0.9572676439995959 0.9662707441455802 0.9737696861194478 1.0163737530026165 1.034898270577481 1.0557902730757784 1.095349801076709 1.1277191267762616 1.1479673128876242 1.330061896999154
71 923 0.03052878104260629 1.332049729042302 0.7200331216990642 0.7200331216990642 0.732100006083827 0.7590311794124458 0.7633873834531983 0.7951242822391938 0.8107169567562423 0.8243854940963646 0.8258592219042159 0.8482774147926904 0.8587067210391922 0.8775923176932297 0.8840506569487662 0.9028668443187035 0.9139726327029444 0.9624222746244402 0.9644545709120105 0.9747823603656082 1.0098281886589677 1.035104291580778 1.0566225954057913 1.0920474680508365 1.1319520566951549 1.1581434353699271 1.332049729042302
72 936 0.029697897373074406 1.3195569273901786 0.7165510083549871 0.7165510083549871 0.7339866278966903 0.757558571256796 0.7600330912247876 0.7887419116964093 0.8065130269695548 0.8247900288393921 0.8262923032183719 0.8476333410030686 0.8580051535357841 0.877695363604107 0.8839437385220357 0.9008735595100383 0.9109135688144079 0.9586474307658721 0.9666274343114142 0.9763044642172096 1.008248273598633 1.0275621629678549 1.0506089161993646 1.0941602396173888 1.1305729031109253 1.16877007207969 1.3195569273901786
73 949 0.02818376022905129 1.3303876061606266 0.7146979142296367 0.7146979142296367 0.7325279578253532 0.7559375678291365 0.7607872500704669 0.782817020089952 0.8069604260960705 0.823685206101831 0.829401941645409 0.8408407136032623 0.8537291900539978 0.8680210798469289 0.8843430000636641 0.9006647325376524 0.9119841824329467 0.9534710190046467 0.9692987106566832 0.9804471571889078 1.002122388015119 1.0203043746450258 1.0491836449207346 1.090211534586628 1.1348902003136776 1.170648791382701 1.3303876061606266
74 962 0.026979350805627245 1.3295774933763878 0.7141206760808737 0.7141206760808737 0.7288030453533774 0.7549869128852635 0.7617578883891163 0.7812383579795695 0.8017374781451477 0.8238910672944096 0.8305109699017544 0.8402155741177413 0.8482395964509061 0.868636437482585 0.8839137366373918 0.8977617591527063 0.9060027685073186 0.9515575591384875 0.9670107403894609 0.9803380245082738 0.9984485201993936 1.0192500430062872 1.0455447193427372 1.083032235785303 1.138052708764597 1.1687871458700185 1.3295774933763878
75 975 0.026869590875917122 1.3369733041350698 0.709675811379365 0.709675811379365 0.728958552014616 0.7571642917526737 0.7635756430511144 0.7794412056142704 0.7957125950500725 0.822397769927786 0.8284986911271812 0.838231752376191 0.8484519569835784 0.8671188735690674 0.8843906523113979 0.8969096721228723 0.8998642937023259 0.9537299368211389 0.9604774923770265 0.9811850230006613 0.9992780148034238 1.015787859617201 1.0423655693943439 1.084326693029397 1.1385643718174152 1.1675409130546894 1.3369733041350698
76 988 0.026439801255647474 1.339536222084085 0.7109842295930399 0.7109842295930399 0.7182626348321525 0.7535705447020431 0.7746498910495034 0.7785722103443474 0.7935915080029382 0.8180760136713568 0.8299989212997405 0.841368267202061 0.8449635365190166 0.8662789915033526 0.8818480397965823 0.8966046259389325 0.904185478594716 0.9522506833924624 0.9608904711486164 0.9840674487285572 0.9979632695436684 1.0128135773739797 1.0451656409666952 1.0927272510194246 1.136230555403677 1.168507191248258 1.339536222084085
77 1001 0.02624855550689845 1.330946326837612 0.7118548712333267 0.7118548712333267 0.7184945670544421 0.7499282383937266 0.7742983841688519 0.7798387888257632 0.7875656437183557 0.813263408620279 0.8318090811999499 0.8407020771925936 0.8497534286305457 0.8694582578898205 0.8805052678204578 0.8953970294895129 0.8983811180180782 0.943793034722399 0.963897168214896 0.9819699330199388 0.9988265978249055 1.0092342899757523 1.0452334324696961 1.0937907435986205 1.1313247156755284 1.171135212609448 1.330946326837612
78 1014 0.02572117751241254 1.328732710473299 0.7085348690475518 0.7085348690475518 0.7148977449471986 0.7511424628747787 0.7749221219969763 0.7805838595669299 0.7850903691564524 0.8125547509434706 0.8314277680453066 0.8403771080836658 0.847757073646125 0.8696943225562733 0.883348801168046 0.8961383887475802 0.9016462730969007 0.936751369790904 0.961747024193661 0.990645532154625 1.0000005987883005 1.007600122154753 1.0464087747709638 1.0879496223645162 1.1251669828792528 1.171546522345256 1.328732710473299
79 1027 0.02551911310165181 1.3317369904056418 0.70580228217879 0.70580228217879 0.7137907763417215 0.7542835590019817 0.7708885085853143 0.7799740853826086 0.7825822505782903 0.812612950935609 0.8286886704935903 0.8418074031891929 0.8462682027174503 0.8678873808542197 0.8872789053529067 0.8916858794351371 0.8991444135958199 0.9361427626137807 0.9569708070746018 0.991499542795297 0.9949502045268996 1.0040020328075003 1.0457264722251554 1.096252132207503 1.120757206752696 1.172969859038042 1.3317369904056418
80 1040 0.024802481784649066 1.318819382205821 0.7038933121463863 0.7038933121463863 0.7124101424086888 0.75380700850058 0.7693340534721292 0.7747489204914279 0.7838120235933108 0.8159663279471775 0.8286590890197555 0.8405322862904578 0.8512459888382169 0.8681259983253233 0.8848715619117515 0.8879021244327987 0.8931523104609219 0.9329621399234223 0.9537254141055262 0.9910283851905164 0.9957628053296957 1.0011404952738656 1.043584579007249 1.0992269296052644 1.1306354233433848 1.1762703511562524 1.318819382205821
81 1053 0.0247092975961781 1.314050411318833 0.7045658517006274 0.7045658517006274 0.7129951370294716 0.7533192402712366 0.7666537667024736 0.767339110771405 0.781796638142152 0.8164764428439272 0.8289354122588167 0.8384578430453384 0.8482731300247447 0.8653151355790875 0.8831673134037431 0.8865598152394835 0.8940505818440642 0.9282171362559462 0.9511699882504893 0.9932314552630289 0.9945474179914435 1.005710837761552 1.0428020395742252 1.0972288438939544 1.137027315088083 1.173600538720724 1.314050411318833
82 1066 0.024668412878581805 1.307179584442169 0.7033597996471428 0.7033597996471428 0.7127797878585289 0.7462549346695426 0.7593000501084035 0.7687838483160002 0.7816609059098728 0.817441972264244 0.8276105831916811 0.836147542092246 0.8449161525852009 0.8622693595143242 0.8842106419575286 0.8869149463401018 0.892994796782948 0.9215196350767884 0.9419947443318101 0.9943817827194733 1.0012650015887115 1.0033242572325236 1.0463369245550953 1.1012294725446174 1.1553495165452838 1.175200790904054 1.307179584442169
83 1079 0.02463184411352693 1.3033142195756438 0.6941574565107019 0.6941574565107019 0.713376371557548 0.7341901190204616 0.761637465095668 0.7716050590545047 0.7794434249232705 0.8180485443259609 0.8256211365523716 0.8336789511217514 0.8394372572177113 0.866583362158964 0.8812705225825376 0.8853788665753569 0.8960165293603412 0.9164977865252079 0.9375061386272566 0.9951804738251578 0.9993839126695893 1.0085198671680649 1.0469538477840212 1.103813276590893 1.1603446773074948 1.1860227509038381 1.3033142195756438
84 1092 0.0249714488666387 1.3020172229576255 0.6919242026472004 0.6919242026472004 0.7133908944930868 0.7292166840971589 0.7533520442838281 0.7649342650812814 0.7746358904521856 0.8140684991275552 0.8230033788688276 0.8314036918214064 0.84432626922812 0.8653910585223931 0.8806600743276457 0.8855972048357587 0.8972879699322124 0.9164428174091507 0.9394576411231115 0.9931659780366265 0.998904029576876 1.01031559086174 1.0505530915417352 1.0943315205707917 1.163642223536325 1.1969404861296988 1.3020172229576255
85 1105 0.02428568481138151 1.299551816127267 0.6895416981862037 0.6895416981862037 0.7157380631541438 0.7251587156170305 0.7440384389776062 0.7622734320473361 0.7737863041077283 0.8097619775777553 0.8251047633426488 0.8317099126695422 0.8461818561393594 0.8621335163895315 0.879137919809758 0.8858444358645622 0.8878411820004352 0.9181968002412891 0.9579415186322622 0.99191373821247 0.998646972194065 1.0080717754335273 1.0603258613415338 1.0901842019618786 1.1657930493028854 1.2071618433627358 1.299551816127267
86 1118 0.023314745430125974 1.2919015816107777 0.6865381929067724 0.6865381929067724 0.7126761452087123 0.7260703217117884 0.7426916426404857 0.7560381247084498 0.7733840325807054 0.8082161888627981 0.8226577818522012 0.8362568717472099 0.8468670972175805 0.8565276829389442 0.8765065837863409 0.8854153595323826 0.8967163411996986 0.9163657609315616 0.9570949968044661 0.9923702757773528 0.9941480074695651 1.0111417417484823 1.0586699202064351 1.0814275147760255 1.1646400412825422 1.2128266969784272 1.2919015816107777
87 1131 0.02292883714262219 1.2912937469540726 0.6834591223963751 0.6834591223963751 0.7038884109937411 0.7247246639175305 0.739311584518327 0.7544258620807899 0.7754414092853372 0.8054588361877841 0.8164661709875227 0.8367706714362695 0.8427481329139772 0.8539002075616726 0.8742542510974157 0.8859435023841217 0.9008886679338929 0.912895320203511 0.9590577784853881 0.9849762837025337 0.997899504667785 1.0120438099684728 1.0549757041684416 1.0821805099329225 1.1660555776324388 1.2102695279985511 1.2912937469540726
88 1144 0.023447239995466194 1.278952003173274 0.6820691920168361 0.6820691920168361 0.7032788033546381 0.7211263716217468 0.7363205367487908 0.7545972775837724 0.7708656387181325 0.8050250820710098 0.813011129378131 0.8360864873444606 0.8395667857854384 0.8515191180354205 0.8689402467508976 0.8888695959175239 0.9031591193848246 0.9111341643816819 0.9599231068842482 0.986979944712406 0.9960656175592439 1.0111240187653063 1.0494350621300028 1.0830707587013761 1.1731790698441664 1.2155248749117538 1.278952003173274
89 1157 0.024062639724297064 1.2695734947367223 0.6844887067459288 0.6844887067459288 0.7013338085799975 0.7183635685001876 0.7397139137126971 0.7599338434101853 0.7706177055580401 0.8024448517776525 0.8086290302514398 0.8357400973055148 0.8395468623082323 0.8557383655432826 0.8639295156793957 0.8864154750886785 0.8994486902324396 0.9134672425053508 0.9674689511710082 0.9760552219924574 1.003604105998708 1.026498450533384 1.0453731418060375 1.0820129739891973 1.1754633077726875 1.2143457826817319 1.2695734947367223
90 1170 0.023679814517448154 1.2690216328991937 0.681537016424488 0.681537016424488 0.6974478766948625 0.7185720428216853 0.737028391731065 0.758436153195974 0.7649448891999625 0.7963953461203644 0.8061410543978926 0.8340837934844243 0.837799049606075 0.8555342674419052 0.8671710517558511 0.8844164069914223 0.900753680475854 0.914325185230017 0.969193398142062 0.9739458445891045 1.0031083233783151 1.0322128043266972 1.0420206594253518 1.0832259595342533 1.173569673870881 1.2219532340155717 1.2690216328991937
91 1183 0.02263917197959049 1.269103682837489 0.6791704030168633 0.6791704030168633 0.6941604895646403 0.7224076805320098 0.7319696092669883 0.7507317956295786 0.7647359584684801 0.7954788972273155 0.8060498769865183 0.8306592667577334 0.83400572309104 0.8557775316779113 0.8655887892688775 0.8835767599128315 0.8996585790620703 0.9106025103208573 0.9703223609999057 0.975256737605958 0.997829127699171 1.0318524389506118 1.041034199686428 1.0804821677924528 1.1665410493188484 1.2217416981627784 1.269103682837489
92 1196 0.022206562222828748 1.269614532863464 0.6724021319384966 0.6724021319384966 0.6946022712153375 0.7207003971359731 0.7313028538658922 0.7468448959501026 0.7687225306308603 0.7942489169696562 0.8060779148491322 0.8272690982156141 0.8365405079971742 0.8510518052911917 0.8662694608362432 0.8817418584671481 0.8985376031082869 0.9118339306944694 0.965139143861251 0.9735725413898224 0.9983761818926095 1.0259491798060976 1.0332767808680086 1.0811778365193663 1.169521352248284 1.2244784452390256 1.269614532863464
93 1209 0.022036240583698394 1.270695686359251 0.6745586204960127 0.6745586204960127 0.6947544788992303 0.7150969561926613 0.7291933080232879 0.7482630130144742 0.7684680892600243 0.7917140366566464 0.807948422846624 0.822537432524433 0.8383325424699747 0.849483121376081 0.8757656071294598 0.8824300617416402 0.8965960304333608 0.9127224626554632 0.9568540928771477 0.9731744276397132 0.9928418765934877 1.0278035528483744 1.0335357000146725 1.0770144911120842 1.1638218105032234 1.2257656748898147 1.270695686359251
94 1222 0.02166583663742601 1.271689225331684 0.6722000347049096 0.6722000347049096 0.6923673607980364 0.7116562818410899 0.7292423896111859 0.7475984353757216 0.7649066847345358 0.7932607259145941 0.8044159340617871 0.8321705397486359 0.8348140248908505 0.845437503993247 0.8764016809530458 0.8877306934692771 0.895041117771067 0.9134392450834311 0.9583578103144595 0.9715630543103045 0.9927869776202756 1.0302439617492467 1.0369921237604953 1.0782150638581474 1.1695876736562307 1.2110235833803857 1.271689225331684
95 1235 0.02132685295113954 1.2665820162655315 0.6679622437046904 0.6679622437046904 0.686044003037884 0.7096385510864157 0.73170329547125 0.744032853284052 0.7659917329425054 0.7864152517162109 0.8020551319925678 0.8311137315897502 0.833107569241182 0.8442961059233003 0.8778016095536922 0.887923077461411 0.8938790939701582 0.9155765289698483 0.9534503588265013 0.9732488821399816 0.9907849701472583 1.0339001583845346 1.036988320513781 1.073246600307453 1.1637148461363025 1.2197027656275805 1.2665820162655315
96 1248 0.02070251194648423 1.268687568076335 0.6659907951938159 0.6659907951938159 0.6873395903952214 0.7035297788220778 0.7308431246676742 0.7404317020549018 0.7557479558285547 0.7867510532504527 0.8008820759302193 0.8276847320092894 0.8334222732084534 0.8508402281761244 0.8791087450940136 0.8893745013317828 0.900648991808449 0.9134320567882291 0.9516657803111814 0.9691953814705941 0.9918011999789824 1.0318861151515428 1.039098599411113 1.0729755503463596 1.163429311994632 1.2228870267338272 1.268687568076335
97 1261 0.02079958525321408 1.271751026605597 0.6606524977062285 0.6606524977062285 0.6857874060846197 0.7014480982359814 0.7321418503126671 0.7396851797597409 0.7474218820305712 0.7808559350023323 0.80022326370221 0.8273582510488079 0.8338851211627374 0.8501187132992661 0.871234552874993 0.8990208107737706 0.9072787243864324 0.9136903970900615 0.9513856215492561 0.9731911069732845 0.9952291538290268 1.0329409753523 1.0383927652081293 1.071786149475253 1.1626105598309562 1.227513822048563 1.271751026605597
98 1274 0.020733116156561423 1.2697317560876005 0.6587819235648532 0.6587819235648532 0.6850688125816797 0.69886467347652 0.732842784783684 0.7372398027254012 0.7444531642952485 0.7776693311915069 0.8009816424605182 0.8203945967506713 0.8344975068989703 0.8498873958285125 0.8707840535374123 0.9002792553352919 0.9075533597875919 0.9205917594428698 0.950245888357375 0.9683014813860047 0.9996473696801538 1.0301420512265382 1.038770610223071 1.0911613565071314 1.1564494047889324 1.225537937199786 1.2697317560876005
99 1287 0.02055382640959966 1.2761445675190763 0.6486641155873836 0.6486641155873836 0.6829875005332335 0.6984395121584319 0.7319875401756185 0.7367640009272423 0.7416405869728654 0.7740921137873966 0.7986614961652971 0.8228524169838074 0.8372326154032537 0.8481022624201796 0.8687634289309489 0.8957928899632239 0.9071200684290756 0.9245185240788077 0.9488418533539246 0.9637249728016 0.9938766467150644 1.026013146290723 1.0396645258375798 1.0932295788940802 1.1585051710717005 1.2307486372747978 1.2761445675190763
100 1300 0.02004589150505266 1.2756287021631183 0.6369050542136695 0.6369050542136695 0.6814327562834408 0.6980941109656326 0.7322933653094307 0.7344142293249174 0.7420574886537489 0.7716057926503734 0.7929859528026574 0.8254640099287989 0.8365531079055807 0.8466907197075997 0.8689305559779236 0.8925343785995693 0.9063786991658349 0.9343194262933566 0.9458694802456602 0.9597733924369438 0.9906675064050057 1.0219452378916318 1.0365861991234944 1.1013028223706862 1.1610161395231031 1.227429141705658 1.2756287021631183
101 1313 0.019927407743990624 1.243531372125881 0.632367085731071 0.632367085731071 0.6839258326403735 0.6985887401315495 0.726136118874939 0.7329743500653193 0.7401513243767641 0.771971325560803 0.7909410093336402 0.8234115948677875 0.8393965346784267 0.8440724610321315 0.868899576884181 0.8903653886281891 0.9075061815695088 0.9409474178658841 0.9434986682356153 0.9602125820700672 0.9909612989662561 1.0228189126600764 1.0369921637620747 1.1011352210313645 1.1617591834320193 1.2243206389199006 1.243531372125881
102 1326 0.0200808149016598 1.2441204652837057 0.6259575440917307 0.6259575440917307 0.6819340678051405 0.6935179902098789 0.725322557675626 0.7308469477293253 0.7413306354833984 0.7770912625114326 0.7862972861772916 0.8196186774184376 0.8365206866875582 0.8449326026094317 0.8689829481787433 0.8921880064877927 0.9097690550448703 0.9373148645278224 0.9559442879384065 0.9591117540121641 0.9901083690366378 1.0176977068721136 1.034049021442217 1.10348790664921 1.1589497613181785 1.227499522545787 1.2441204652837057
103 1339 0.019985816323383546 1.2377725239187969 0.622607832521514 0.622607832521514 0.6762475225882617 0.6957057226288328 0.7255667419593497 0.7284195598292995 0.7362935715305621 0.7741678983333362 0.7858696478036307 0.8203625689747098 0.8366889476114545 0.8426409789535149 0.8677643579020272 0.8946824092267952 0.9108154452305166 0.9393477077083313 0.9558433570332071 0.9650697200518061 0.9928606302043139 1.0181834466030795 1.039894854140589 1.1017421263014004 1.1585991988970752 1.2270901107104941 1.2377725239187969
104 1352 0.019798137750880945 1.2454908832414302 0.6180942754347852 0.6180942754347852 0.6755431781371141 0.6929247793207255 0.7181553970073793 0.722586271836725 0.7354364278544155 0.774428826761293 0.7851951095714531 0.8203298731946718 0.8328323935845579 0.8408553426991126 0.8648752985161146 0.8955389445811326 0.9143179268480699 0.9367190112571472 0.9587082488053837 0.9644006805130312 0.9970933484603982 1.0071965153855766 1.0423196091083138 1.1092574313304426 1.1537989971819662 1.2299140859425486 1.2454908832414302
105 1365 0.018868345290678865 1.2416878140513743 0.621008510868358 0.621008510868358 0.6715063496078767 0.6906969198552374 0.7167010392097883 0.7221273829349207 0.7349310813860457 0.7764651343550133 0.7844772183995379 0.8189644853412857 0.8319064830305123 0.8383357732613619 0.8599145092594427 0.8917315015705941 0.912669390499332 0.9344559196318296 0.9543055085255018 0.963377825116747 0.9949852644337144 1.0017034876102437 1.044824980575517 1.112334897665511 1.1555216840925544 1.234469147364623 1.2416878140513743
106 1378 0.018444702723536828 1.2431910383880593 0.6211448899031193 0.6211448899031193 0.6670888653308746 0.691250940354508 0.7115058316275576 0.7168220460693729 0.7376407436392609 0.7753564287930548 0.7828214610428029 0.8101825493776336 0.8347178074394151 0.8413452912820995 0.8553312046093742 0.8906311418720602 0.9133731800640639 0.932563493944244 0.9544571524367993 0.9618612695361983 1.0000471244043827 1.0023266232019448 1.040813299332609 1.1124124981505261 1.1582125616032897 1.2356779115228855 1.2431910383880593
107 1391 0.018097072017829834 1.263278016457175 0.6202689227575245 0.6202689227575245 0.6663560374544512 0.6888924445172311 0.7048782977587229 0.7148393126363691 0.7309245964832531 0.7728980375245931 0.776748941631384 0.8101602513938512 0.8337614827143249 0.8417982774110986 0.8591583908480167 0.8775464721020693 0.90898059879493 0.9324049330952978 0.9529191346800736 0.964389755585782 0.9962355987062724 1.0038904061572311 1.040152487948089 1.1173184140675532 1.157254545909904 1.2389522636403416 1.263278016457175
108 1404 0.01763506621589515 1.2748362325799927 0.6196733327830218 0.6196733327830218 0.664244036894275 0.6837039841280672 0.7010560362977465 0.715618287503755 0.7331623027556234 0.7629152368053261 0.780683484397693 0.8111584647454217 0.8298749013486768 0.8439462398933136 0.8626364115277134 0.8803335806353916 0.9090796760925425 0.9297997548122833 0.9520736641729535 0.9614236370184 0.9966956582350575 1.000468489116751 1.0359983122689886 1.1145593936377955 1.1512797388166542 1.2353739676812858 1.2748362325799927
109 1417 0.01674506804130251 1.2993217036318236 0.6168150732205424 0.6168150732205424 0.6651545664833404 0.6790274163309633 0.6953672517376084 0.7142675289642783 0.7315696275900118 0.7581426760291783 0.7776892850776991 0.803780692630359 0.8225728755994465 0.8386727279008126 0.8629188717346336 0.879789413816448 0.9053492466896937 0.929032244903778 0.948536753903375 0.960520155021308 0.9954743238886494 0.9994186605792854 1.0326107170837713 1.1142696810247026 1.1528372488931586 1.2373109889009917 1.2993217036318236
110 1430 0.01572920522219754 1.3066810928597279 0.6144546141836655 0.6144546141836655 0.6621910258706243 0.6747890709061783 0.6940546424205972 0.7096869026759433 0.7286665393103132 0.7564111152836026 0.7785578061930191 0.8077372750183598 0.8199995794307257 0.8372524174332346 0.8612757476845686 0.880480596286743 0.9052837887627317 0.9252132977718841 0.9457976909938061 0.9581476918143516 0.9943053659171999 0.9988916788945803 1.036880896897627 1.114662468109947 1.1418441191612567 1.231553363935858 1.3066810928597279
111 1443 0.014798146591282535 1.3094477071950072 0.6161018137428464 0.6161018137428464 0.659183150285305 0.6680060014272048 0.6896232166389878 0.7118179927200177 0.7258075076927931 0.7534504475912105 0.7759317846503264 0.8044868966020297 0.8174215770533072 0.8376186176347893 0.8644812200056177 0.8755065532030338 0.9089532913804165 0.9281071087364648 0.9516874684768094 0.9576141560096731 0.99186746814943 1.0013753097479763 1.0307789851421478 1.113897378260436 1.134988172389188 1.2350290707163247 1.3094477071950072
112 1456 0.014390818958874235 1.3056342137466952 0.6161585353936252 0.6161585353936252 0.6548763825407041 0.6634153721098287 0.6851897844810999 0.7105801330930387 0.7234278312728843 0.7544703500192551 0.7764817718257583 0.8006841065271968 0.8180080430413769 0.834467967426396 0.86343605132813 0.8720438586300863 0.9083085407392021 0.930169622775277 0.9504240752916319 0.9555110960820113 0.9897669821208259 0.9974633223761588 1.0286612787414164 1.1071666962613045 1.1387642926770656 1.2181991603937612 1.3056342137466952
113 1469 0.014211755730026811 1.308895471766656 0.6150118623310776 0.6150118623310776 0.6501519304666009 0.6625829593511341 0.6855886358915153 0.707015776887083 0.7221614209867622 0.7492131793686332 0.777132636270227 0.8043415103817835 0.8146431275871266 0.8373758147996776 0.862071126699546 0.8685819613178688 0.9025781759876886 0.932284035533092 0.955190229308586 0.9585270583133755 0.9869023619361962 0.994377415753379 1.0271433526742892 1.1131256694632428 1.1390221223824288 1.215056157763467 1.308895471766656
114 1482 0.014349367442329947 1.3135179445351046 0.6150591205925701 0.6150591205925701 0.6545149990467662 0.6610822515345478 0.6780692661241561 0.7081457379917246 0.7197655669753317 0.7537827901964874 0.7753496720903763 0.8094802792151055 0.8146872103385028 0.8327812548502399 0.8527629806079781 0.8681265516539038 0.9002648907511549 0.9303836985625115 0.9526576097658805 0.9568158412743198 0.9880984473383452 0.9989963826193248 1.0286444834531536 1.1120968072919548 1.1418965555150797 1.209534093407444 1.3135179445351046
115 1495 0.01403930160343158 1.3029264397855496 0.6134976895694616 0.6134976895694616 0.6580649953184321 0.6609683434743033 0.6719652107247002 0.7088133809178548 0.7156226125908872 0.7508421004808918 0.7712711793538412 0.8074762811251155 0.8152734842084088 0.8317849213258554 0.8547236050050994 0.8694560256124704 0.8987754435076966 0.9348156013382306 0.9520997803330798 0.958468288595626 0.9835014559660631 1.0002666504151154 1.0301395997660727 1.1086695742927584 1.144951837890391 1.2073780049892147 1.3029264397855496
116 1508 0.013781065905384738 1.3029120114598662 0.6139076005403274 0.6139076005403274 0.6555730496972296 0.6574222806751026 0.6681611584228592 0.7074502898750236 0.7159493676393391 0.74398365885869 0.7712091328042833 0.809154100095258 0.8126909846038934 0.8281710224244621 0.8570248149483946 0.866931911152312 0.8968680527581778 0.9367961189072794 0.9495458129873805 0.9643005804117767 0.9813278894875018 0.9993514696287912 1.030423104755209 1.1090224003632687 1.1440777879287767 1.20219712177651 1.3029120114598662
117 1521 0.013578219464343629 1.30080786240584 0.6111274561992709 0.6111274561992709 0.6514083502251726 0.6567720605188276 0.6634915839502527 0.7113416832830772 0.7147580296830542 0.7483144055321203 0.7676923393251603 0.8091344414809599 0.8101217648934221 0.8267472640561038 0.8582320091694253 0.8637338462530749 0.896873278002962 0.930949119159751 0.9462281861139081 0.9591001626762756 0.9855341375784918 1.000233614544232 1.031676992481499 1.1131435120197444 1.1484287061699543 1.1990254815684953 1.30080786240584
118 1534 0.013357712285005232 1.2996255311574054 0.6101735950732324 0.6101735950732324 0.6498577882708854 0.6551600790291944 0.6662438608166706 0.708368704520761 0.7140702146474163 0.7458560591690581 0.7714760912745481 0.806847720568171 0.8108317148143823 0.8289964298447261 0.8540727733620421 0.863528090191989 0.8953468538822831 0.9205664135319971 0.9418243316533969 0.9570606107644503 0.9871728723257626 1.0048171373053099 1.0320341250073315 1.1154358250037444 1.1541125331141515 1.1876396656007913 1.2996255311574054
119 1547 0.012664643746448219 1.3045416059889996 0.6045574476373771 0.6045574476373771 0.6467272982542935 0.6531613573856355 0.6552158802777099 0.7072029833194479 0.7117842677710551 0.7479826964721744 0.7655696271877004 0.805896745511342 0.8126199639445605 0.8266023618030778 0.8524010577804229 0.8604751616058072 0.896443610913841 0.9195621178890607 0.9408910203677014 0.9530539868852557 0.9869997823919918 1.0179474565920834 1.0325034843593912 1.109171079080807 1.1697257717146265 1.190096119729262 1.3045416059889996
120 1560 0.012167010748608329 1.3042056352432163 0.6017218036642686 0.6017218036642686 0.6397881907212765 0.6513424100950571 0.6583270088452516 0.705868618209193 0.7126406741607852 0.7485387481401163 0.7674484549420553 0.8001190907768979 0.8122699413400922 0.819579547522888 0.8502920378512933 0.8594704432837175 0.8923756107039854 0.9195300033459062 0.9447455974499047 0.9504669958409663 0.9829284886509365 1.0105306996754673 1.033761705446157 1.1064241397520966 1.167926902769161 1.1929599741083408 1.3042056352432163
120 1560 0.012167010748608329 1.3042056352432163 0.6017218036642686 0.6017218036642686 0.6397881907212765 0.6513424100950571 0.6583270088452516 0.705868618209193 0.7126406741607852 0.7485387481401163 0.7674484549420553 0.8001190907768979 0.8122699413400922 0.819579547522888 0.8502920378512933 0.8594704432837175 0.8923756107039854 0.9195300033459062 0.9447455974499047 0.9504669958409663 0.9829284886509365 1.0105306996754673 1.033761705446157 1.1064241397520966 1.167926902769161 1.1929599741083408 1.3042056352432163
