% # columns="iteration, evaluation, min max(neg(.)) min(pos(.)) max correlation, correlation matrix principal axes lengths  (sorted square roots of eigenvalues of correlation matrix)", seed=482608, Mon Oct 13 21:19:36 2025
1 13 -0.0258355919817415 -0.003916019473884274 0.004045400466669309 0.019995915955439328 0.9580464139112661 0.9822532797905934 0.9851880983505541 0.9898696959952342 0.9924149532817521 0.9931686843810631 0.9956499607203277 0.9958687977289146 0.9972005320037182 0.9973850473070169 0.9981629482740055 0.9985961502011367 0.9993560698740664 0.9998101321829158 1.0004303228297888 1.0004716726083835 1.00125789492722 1.0018297324559438 1.0036584079909512 1.004967993102687 1.0132358097671934 1.022248432308002 1.0305503839377483 1.0356411242897112
2 26 -0.0258355919817415 -0.003916019473884274 0.004045400466669309 0.019995915955439328 0.9580464139112661 0.9822532797905934 0.9851880983505541 0.9898696959952342 0.9924149532817521 0.9931686843810631 0.9956499607203277 0.9958687977289146 0.9972005320037182 0.9973850473070169 0.9981629482740055 0.9985961502011367 0.9993560698740664 0.9998101321829158 1.0004303228297888 1.0004716726083835 1.00125789492722 1.0018297324559438 1.0036584079909512 1.004967993102687 1.0132358097671934 1.022248432308002 1.0305503839377483 1.0356411242897112
3 39 -0.0258355919817415 -0.003916019473884274 0.004045400466669309 0.019995915955439328 0.9580464139112661 0.9822532797905934 0.9851880983505541 0.9898696959952342 0.9924149532817521 0.9931686843810631 0.9956499607203277 0.9958687977289146 0.9972005320037182 0.9973850473070169 0.9981629482740055 0.9985961502011367 0.9993560698740664 0.9998101321829158 1.0004303228297888 1.0004716726083835 1.00125789492722 1.0018297324559438 1.0036584079909512 1.004967993102687 1.0132358097671934 1.022248432308002 1.0305503839377483 1.0356411242897112
4 52 -0.0258355919817415 -0.003916019473884274 0.004045400466669309 0.019995915955439328 0.9580464139112661 0.9822532797905934 0.9851880983505541 0.9898696959952342 0.9924149532817521 0.9931686843810631 0.9956499607203277 0.9958687977289146 0.9972005320037182 0.9973850473070169 0.9981629482740055 0.9985961502011367 0.9993560698740664 0.9998101321829158 1.0004303228297888 1.0004716726083835 1.00125789492722 1.0018297324559438 1.0036584079909512 1.004967993102687 1.0132358097671934 1.022248432308002 1.0305503839377483 1.0356411242897112
5 65 -0.0258355919817415 -0.003916019473884274 0.004045400466669309 0.019995915955439328 0.9580464139112661 0.9822532797905934 0.9851880983505541 0.9898696959952342 0.9924149532817521 0.9931686843810631 0.9956499607203277 0.9958687977289146 0.9972005320037182 0.9973850473070169 0.9981629482740055 0.9985961502011367 0.9993560698740664 0.9998101321829158 1.0004303228297888 1.0004716726083835 1.00125789492722 1.0018297324559438 1.0036584079909512 1.004967993102687 1.0132358097671934 1.022248432308002 1.0305503839377483 1.0356411242897112
6 78 -0.0258355919817415 -0.003916019473884274 0.004045400466669309 0.019995915955439328 0.9580464139112661 0.9822532797905934 0.9851880983505541 0.9898696959952342 0.9924149532817521 0.9931686843810631 0.9956499607203277 0.9958687977289146 0.9972005320037182 0.9973850473070169 0.9981629482740055 0.9985961502011367 0.9993560698740664 0.9998101321829158 1.0004303228297888 1.0004716726083835 1.00125789492722 1.0018297324559438 1.0036584079909512 1.004967993102687 1.0132358097671934 1.022248432308002 1.0305503839377483 1.0356411242897112
7 91 -0.0258355919817415 -0.003916019473884274 0.004045400466669309 0.019995915955439328 0.9580464139112661 0.9822532797905934 0.9851880983505541 0.9898696959952342 0.9924149532817521 0.9931686843810631 0.9956499607203277 0.9958687977289146 0.9972005320037182 0.9973850473070169 0.9981629482740055 0.9985961502011367 0.9993560698740664 0.9998101321829158 1.0004303228297888 1.0004716726083835 1.00125789492722 1.0018297324559438 1.0036584079909512 1.004967993102687 1.0132358097671934 1.022248432308002 1.0305503839377483 1.0356411242897112
8 104 -0.0258355919817415 -0.003916019473884274 0.004045400466669309 0.019995915955439328 0.9580464139112661 0.9822532797905934 0.9851880983505541 0.9898696959952342 0.9924149532817521 0.9931686843810631 0.9956499607203277 0.9958687977289146 0.9972005320037182 0.9973850473070169 0.9981629482740055 0.9985961502011367 0.9993560698740664 0.9998101321829158 1.0004303228297888 1.0004716726083835 1.00125789492722 1.0018297324559438 1.0036584079909512 1.004967993102687 1.0132358097671934 1.022248432308002 1.0305503839377483 1.0356411242897112
9 117 -0.0258355919817415 -0.003916019473884274 0.004045400466669309 0.019995915955439328 0.9580464139112661 0.9822532797905934 0.9851880983505541 0.9898696959952342 0.9924149532817521 0.9931686843810631 0.9956499607203277 0.9958687977289146 0.9972005320037182 0.9973850473070169 0.9981629482740055 0.9985961502011367 0.9993560698740664 0.9998101321829158 1.0004303228297888 1.0004716726083835 1.00125789492722 1.0018297324559438 1.0036584079909512 1.004967993102687 1.0132358097671934 1.022248432308002 1.0305503839377483 1.0356411242897112
10 130 -0.0258355919817415 -0.003916019473884274 0.004045400466669309 0.019995915955439328 0.9580464139112661 0.9822532797905934 0.9851880983505541 0.9898696959952342 0.9924149532817521 0.9931686843810631 0.9956499607203277 0.9958687977289146 0.9972005320037182 0.9973850473070169 0.9981629482740055 0.9985961502011367 0.9993560698740664 0.9998101321829158 1.0004303228297888 1.0004716726083835 1.00125789492722 1.0018297324559438 1.0036584079909512 1.004967993102687 1.0132358097671934 1.022248432308002 1.0305503839377483 1.0356411242897112
11 143 -0.0258355919817415 -0.003916019473884274 0.004045400466669309 0.019995915955439328 0.9580464139112661 0.9822532797905934 0.9851880983505541 0.9898696959952342 0.9924149532817521 0.9931686843810631 0.9956499607203277 0.9958687977289146 0.9972005320037182 0.9973850473070169 0.9981629482740055 0.9985961502011367 0.9993560698740664 0.9998101321829158 1.0004303228297888 1.0004716726083835 1.00125789492722 1.0018297324559438 1.0036584079909512 1.004967993102687 1.0132358097671934 1.022248432308002 1.0305503839377483 1.0356411242897112
12 156 -0.0258355919817415 -0.003916019473884274 0.004045400466669309 0.019995915955439328 0.9580464139112661 0.9822532797905934 0.9851880983505541 0.9898696959952342 0.9924149532817521 0.9931686843810631 0.9956499607203277 0.9958687977289146 0.9972005320037182 0.9973850473070169 0.9981629482740055 0.9985961502011367 0.9993560698740664 0.9998101321829158 1.0004303228297888 1.0004716726083835 1.00125789492722 1.0018297324559438 1.0036584079909512 1.004967993102687 1.0132358097671934 1.022248432308002 1.0305503839377483 1.0356411242897112
13 169 -0.0258355919817415 -0.003916019473884274 0.004045400466669309 0.019995915955439328 0.9580464139112661 0.9822532797905934 0.9851880983505541 0.9898696959952342 0.9924149532817521 0.9931686843810631 0.9956499607203277 0.9958687977289146 0.9972005320037182 0.9973850473070169 0.9981629482740055 0.9985961502011367 0.9993560698740664 0.9998101321829158 1.0004303228297888 1.0004716726083835 1.00125789492722 1.0018297324559438 1.0036584079909512 1.004967993102687 1.0132358097671934 1.022248432308002 1.0305503839377483 1.0356411242897112
14 182 -0.0258355919817415 -0.003916019473884274 0.004045400466669309 0.019995915955439328 0.9580464139112661 0.9822532797905934 0.9851880983505541 0.9898696959952342 0.9924149532817521 0.9931686843810631 0.9956499607203277 0.9958687977289146 0.9972005320037182 0.9973850473070169 0.9981629482740055 0.9985961502011367 0.9993560698740664 0.9998101321829158 1.0004303228297888 1.0004716726083835 1.00125789492722 1.0018297324559438 1.0036584079909512 1.004967993102687 1.0132358097671934 1.022248432308002 1.0305503839377483 1.0356411242897112
15 195 -0.0258355919817415 -0.003916019473884274 0.004045400466669309 0.019995915955439328 0.9580464139112661 0.9822532797905934 0.9851880983505541 0.9898696959952342 0.9924149532817521 0.9931686843810631 0.9956499607203277 0.9958687977289146 0.9972005320037182 0.9973850473070169 0.9981629482740055 0.9985961502011367 0.9993560698740664 0.9998101321829158 1.0004303228297888 1.0004716726083835 1.00125789492722 1.0018297324559438 1.0036584079909512 1.004967993102687 1.0132358097671934 1.022248432308002 1.0305503839377483 1.0356411242897112
16 208 -0.0258355919817415 -0.003916019473884274 0.004045400466669309 0.019995915955439328 0.9580464139112661 0.9822532797905934 0.9851880983505541 0.9898696959952342 0.9924149532817521 0.9931686843810631 0.9956499607203277 0.9958687977289146 0.9972005320037182 0.9973850473070169 0.9981629482740055 0.9985961502011367 0.9993560698740664 0.9998101321829158 1.0004303228297888 1.0004716726083835 1.00125789492722 1.0018297324559438 1.0036584079909512 1.004967993102687 1.0132358097671934 1.022248432308002 1.0305503839377483 1.0356411242897112
17 221 -0.0258355919817415 -0.003916019473884274 0.004045400466669309 0.019995915955439328 0.9580464139112661 0.9822532797905934 0.9851880983505541 0.9898696959952342 0.9924149532817521 0.9931686843810631 0.9956499607203277 0.9958687977289146 0.9972005320037182 0.9973850473070169 0.9981629482740055 0.9985961502011367 0.9993560698740664 0.9998101321829158 1.0004303228297888 1.0004716726083835 1.00125789492722 1.0018297324559438 1.0036584079909512 1.004967993102687 1.0132358097671934 1.022248432308002 1.0305503839377483 1.0356411242897112
18 234 -0.0258355919817415 -0.003916019473884274 0.004045400466669309 0.019995915955439328 0.9580464139112661 0.9822532797905934 0.9851880983505541 0.9898696959952342 0.9924149532817521 0.9931686843810631 0.9956499607203277 0.9958687977289146 0.9972005320037182 0.9973850473070169 0.9981629482740055 0.9985961502011367 0.9993560698740664 0.9998101321829158 1.0004303228297888 1.0004716726083835 1.00125789492722 1.0018297324559438 1.0036584079909512 1.004967993102687 1.0132358097671934 1.022248432308002 1.0305503839377483 1.0356411242897112
19 247 -0.0258355919817415 -0.003916019473884274 0.004045400466669309 0.019995915955439328 0.9580464139112661 0.9822532797905934 0.9851880983505541 0.9898696959952342 0.9924149532817521 0.9931686843810631 0.9956499607203277 0.9958687977289146 0.9972005320037182 0.9973850473070169 0.9981629482740055 0.9985961502011367 0.9993560698740664 0.9998101321829158 1.0004303228297888 1.0004716726083835 1.00125789492722 1.0018297324559438 1.0036584079909512 1.004967993102687 1.0132358097671934 1.022248432308002 1.0305503839377483 1.0356411242897112
20 260 -0.0258355919817415 -0.003916019473884274 0.004045400466669309 0.019995915955439328 0.9580464139112661 0.9822532797905934 0.9851880983505541 0.9898696959952342 0.9924149532817521 0.9931686843810631 0.9956499607203277 0.9958687977289146 0.9972005320037182 0.9973850473070169 0.9981629482740055 0.9985961502011367 0.9993560698740664 0.9998101321829158 1.0004303228297888 1.0004716726083835 1.00125789492722 1.0018297324559438 1.0036584079909512 1.004967993102687 1.0132358097671934 1.022248432308002 1.0305503839377483 1.0356411242897112
21 273 -0.0258355919817415 -0.003916019473884274 0.004045400466669309 0.019995915955439328 0.9580464139112661 0.9822532797905934 0.9851880983505541 0.9898696959952342 0.9924149532817521 0.9931686843810631 0.9956499607203277 0.9958687977289146 0.9972005320037182 0.9973850473070169 0.9981629482740055 0.9985961502011367 0.9993560698740664 0.9998101321829158 1.0004303228297888 1.0004716726083835 1.00125789492722 1.0018297324559438 1.0036584079909512 1.004967993102687 1.0132358097671934 1.022248432308002 1.0305503839377483 1.0356411242897112
22 286 -0.0258355919817415 -0.003916019473884274 0.004045400466669309 0.019995915955439328 0.9580464139112661 0.9822532797905934 0.9851880983505541 0.9898696959952342 0.9924149532817521 0.9931686843810631 0.9956499607203277 0.9958687977289146 0.9972005320037182 0.9973850473070169 0.9981629482740055 0.9985961502011367 0.9993560698740664 0.9998101321829158 1.0004303228297888 1.0004716726083835 1.00125789492722 1.0018297324559438 1.0036584079909512 1.004967993102687 1.0132358097671934 1.022248432308002 1.0305503839377483 1.0356411242897112
23 299 -0.0258355919817415 -0.003916019473884274 0.004045400466669309 0.019995915955439328 0.9580464139112661 0.9822532797905934 0.9851880983505541 0.9898696959952342 0.9924149532817521 0.9931686843810631 0.9956499607203277 0.9958687977289146 0.9972005320037182 0.9973850473070169 0.9981629482740055 0.9985961502011367 0.9993560698740664 0.9998101321829158 1.0004303228297888 1.0004716726083835 1.00125789492722 1.0018297324559438 1.0036584079909512 1.004967993102687 1.0132358097671934 1.022248432308002 1.0305503839377483 1.0356411242897112
24 312 -0.0258355919817415 -0.003916019473884274 0.004045400466669309 0.019995915955439328 0.9580464139112661 0.9822532797905934 0.9851880983505541 0.9898696959952342 0.9924149532817521 0.9931686843810631 0.9956499607203277 0.9958687977289146 0.9972005320037182 0.9973850473070169 0.9981629482740055 0.9985961502011367 0.9993560698740664 0.9998101321829158 1.0004303228297888 1.0004716726083835 1.00125789492722 1.0018297324559438 1.0036584079909512 1.004967993102687 1.0132358097671934 1.022248432308002 1.0305503839377483 1.0356411242897112
25 325 -0.07909461681988207 -0.01840352690701107 0.026666498646231294 0.09919588252189047 0.7981939046738195 0.8625977822910215 0.8940711867401409 0.9036964671806602 0.9317769149113719 0.9377179805516546 0.9456296943974577 0.9544583574897313 0.9685568102386517 0.9688877356962252 0.9804273558251777 0.9842971047881099 1.0089235719337764 1.0145467921106008 1.0283834840557466 1.0374225920382956 1.0491795439089502 1.0579752564348588 1.067320840028216 1.0740227012469856 1.0868992134782185 1.0976750591388926 1.1252557739947624 1.138792363941139
26 338 -0.07909461681988207 -0.01840352690701107 0.026666498646231294 0.09919588252189047 0.7981939046738195 0.8625977822910215 0.8940711867401409 0.9036964671806602 0.9317769149113719 0.9377179805516546 0.9456296943974577 0.9544583574897313 0.9685568102386517 0.9688877356962252 0.9804273558251777 0.9842971047881099 1.0089235719337764 1.0145467921106008 1.0283834840557466 1.0374225920382956 1.0491795439089502 1.0579752564348588 1.067320840028216 1.0740227012469856 1.0868992134782185 1.0976750591388926 1.1252557739947624 1.138792363941139
27 351 -0.07909461681988207 -0.01840352690701107 0.026666498646231294 0.09919588252189047 0.7981939046738195 0.8625977822910215 0.8940711867401409 0.9036964671806602 0.9317769149113719 0.9377179805516546 0.9456296943974577 0.9544583574897313 0.9685568102386517 0.9688877356962252 0.9804273558251777 0.9842971047881099 1.0089235719337764 1.0145467921106008 1.0283834840557466 1.0374225920382956 1.0491795439089502 1.0579752564348588 1.067320840028216 1.0740227012469856 1.0868992134782185 1.0976750591388926 1.1252557739947624 1.138792363941139
28 364 -0.07909461681988207 -0.01840352690701107 0.026666498646231294 0.09919588252189047 0.7981939046738195 0.8625977822910215 0.8940711867401409 0.9036964671806602 0.9317769149113719 0.9377179805516546 0.9456296943974577 0.9544583574897313 0.9685568102386517 0.9688877356962252 0.9804273558251777 0.9842971047881099 1.0089235719337764 1.0145467921106008 1.0283834840557466 1.0374225920382956 1.0491795439089502 1.0579752564348588 1.067320840028216 1.0740227012469856 1.0868992134782185 1.0976750591388926 1.1252557739947624 1.138792363941139
29 377 -0.07909461681988207 -0.01840352690701107 0.026666498646231294 0.09919588252189047 0.7981939046738195 0.8625977822910215 0.8940711867401409 0.9036964671806602 0.9317769149113719 0.9377179805516546 0.9456296943974577 0.9544583574897313 0.9685568102386517 0.9688877356962252 0.9804273558251777 0.9842971047881099 1.0089235719337764 1.0145467921106008 1.0283834840557466 1.0374225920382956 1.0491795439089502 1.0579752564348588 1.067320840028216 1.0740227012469856 1.0868992134782185 1.0976750591388926 1.1252557739947624 1.138792363941139
30 390 -0.07909461681988207 -0.01840352690701107 0.026666498646231294 0.09919588252189047 0.7981939046738195 0.8625977822910215 0.8940711867401409 0.9036964671806602 0.9317769149113719 0.9377179805516546 0.9456296943974577 0.9544583574897313 0.9685568102386517 0.9688877356962252 0.9804273558251777 0.9842971047881099 1.0089235719337764 1.0145467921106008 1.0283834840557466 1.0374225920382956 1.0491795439089502 1.0579752564348588 1.067320840028216 1.0740227012469856 1.0868992134782185 1.0976750591388926 1.1252557739947624 1.138792363941139
31 403 -0.07909461681988207 -0.01840352690701107 0.026666498646231294 0.09919588252189047 0.7981939046738195 0.8625977822910215 0.8940711867401409 0.9036964671806602 0.9317769149113719 0.9377179805516546 0.9456296943974577 0.9544583574897313 0.9685568102386517 0.9688877356962252 0.9804273558251777 0.9842971047881099 1.0089235719337764 1.0145467921106008 1.0283834840557466 1.0374225920382956 1.0491795439089502 1.0579752564348588 1.067320840028216 1.0740227012469856 1.0868992134782185 1.0976750591388926 1.1252557739947624 1.138792363941139
32 416 -0.07909461681988207 -0.01840352690701107 0.026666498646231294 0.09919588252189047 0.7981939046738195 0.8625977822910215 0.8940711867401409 0.9036964671806602 0.9317769149113719 0.9377179805516546 0.9456296943974577 0.9544583574897313 0.9685568102386517 0.9688877356962252 0.9804273558251777 0.9842971047881099 1.0089235719337764 1.0145467921106008 1.0283834840557466 1.0374225920382956 1.0491795439089502 1.0579752564348588 1.067320840028216 1.0740227012469856 1.0868992134782185 1.0976750591388926 1.1252557739947624 1.138792363941139
33 429 -0.07909461681988207 -0.01840352690701107 0.026666498646231294 0.09919588252189047 0.7981939046738195 0.8625977822910215 0.8940711867401409 0.9036964671806602 0.9317769149113719 0.9377179805516546 0.9456296943974577 0.9544583574897313 0.9685568102386517 0.9688877356962252 0.9804273558251777 0.9842971047881099 1.0089235719337764 1.0145467921106008 1.0283834840557466 1.0374225920382956 1.0491795439089502 1.0579752564348588 1.067320840028216 1.0740227012469856 1.0868992134782185 1.0976750591388926 1.1252557739947624 1.138792363941139
34 442 -0.07909461681988207 -0.01840352690701107 0.026666498646231294 0.09919588252189047 0.7981939046738195 0.8625977822910215 0.8940711867401409 0.9036964671806602 0.9317769149113719 0.9377179805516546 0.9456296943974577 0.9544583574897313 0.9685568102386517 0.9688877356962252 0.9804273558251777 0.9842971047881099 1.0089235719337764 1.0145467921106008 1.0283834840557466 1.0374225920382956 1.0491795439089502 1.0579752564348588 1.067320840028216 1.0740227012469856 1.0868992134782185 1.0976750591388926 1.1252557739947624 1.138792363941139
35 455 -0.07909461681988207 -0.01840352690701107 0.026666498646231294 0.09919588252189047 0.7981939046738195 0.8625977822910215 0.8940711867401409 0.9036964671806602 0.9317769149113719 0.9377179805516546 0.9456296943974577 0.9544583574897313 0.9685568102386517 0.9688877356962252 0.9804273558251777 0.9842971047881099 1.0089235719337764 1.0145467921106008 1.0283834840557466 1.0374225920382956 1.0491795439089502 1.0579752564348588 1.067320840028216 1.0740227012469856 1.0868992134782185 1.0976750591388926 1.1252557739947624 1.138792363941139
36 468 -0.07909461681988207 -0.01840352690701107 0.026666498646231294 0.09919588252189047 0.7981939046738195 0.8625977822910215 0.8940711867401409 0.9036964671806602 0.9317769149113719 0.9377179805516546 0.9456296943974577 0.9544583574897313 0.9685568102386517 0.9688877356962252 0.9804273558251777 0.9842971047881099 1.0089235719337764 1.0145467921106008 1.0283834840557466 1.0374225920382956 1.0491795439089502 1.0579752564348588 1.067320840028216 1.0740227012469856 1.0868992134782185 1.0976750591388926 1.1252557739947624 1.138792363941139
37 481 -0.07909461681988207 -0.01840352690701107 0.026666498646231294 0.09919588252189047 0.7981939046738195 0.8625977822910215 0.8940711867401409 0.9036964671806602 0.9317769149113719 0.9377179805516546 0.9456296943974577 0.9544583574897313 0.9685568102386517 0.9688877356962252 0.9804273558251777 0.9842971047881099 1.0089235719337764 1.0145467921106008 1.0283834840557466 1.0374225920382956 1.0491795439089502 1.0579752564348588 1.067320840028216 1.0740227012469856 1.0868992134782185 1.0976750591388926 1.1252557739947624 1.138792363941139
38 494 -0.07909461681988207 -0.01840352690701107 0.026666498646231294 0.09919588252189047 0.7981939046738195 0.8625977822910215 0.8940711867401409 0.9036964671806602 0.9317769149113719 0.9377179805516546 0.9456296943974577 0.9544583574897313 0.9685568102386517 0.9688877356962252 0.9804273558251777 0.9842971047881099 1.0089235719337764 1.0145467921106008 1.0283834840557466 1.0374225920382956 1.0491795439089502 1.0579752564348588 1.067320840028216 1.0740227012469856 1.0868992134782185 1.0976750591388926 1.1252557739947624 1.138792363941139
39 507 -0.07909461681988207 -0.01840352690701107 0.026666498646231294 0.09919588252189047 0.7981939046738195 0.8625977822910215 0.8940711867401409 0.9036964671806602 0.9317769149113719 0.9377179805516546 0.9456296943974577 0.9544583574897313 0.9685568102386517 0.9688877356962252 0.9804273558251777 0.9842971047881099 1.0089235719337764 1.0145467921106008 1.0283834840557466 1.0374225920382956 1.0491795439089502 1.0579752564348588 1.067320840028216 1.0740227012469856 1.0868992134782185 1.0976750591388926 1.1252557739947624 1.138792363941139
40 520 -0.07909461681988207 -0.01840352690701107 0.026666498646231294 0.09919588252189047 0.7981939046738195 0.8625977822910215 0.8940711867401409 0.9036964671806602 0.9317769149113719 0.9377179805516546 0.9456296943974577 0.9544583574897313 0.9685568102386517 0.9688877356962252 0.9804273558251777 0.9842971047881099 1.0089235719337764 1.0145467921106008 1.0283834840557466 1.0374225920382956 1.0491795439089502 1.0579752564348588 1.067320840028216 1.0740227012469856 1.0868992134782185 1.0976750591388926 1.1252557739947624 1.138792363941139
41 533 -0.07909461681988207 -0.01840352690701107 0.026666498646231294 0.09919588252189047 0.7981939046738195 0.8625977822910215 0.8940711867401409 0.9036964671806602 0.9317769149113719 0.9377179805516546 0.9456296943974577 0.9544583574897313 0.9685568102386517 0.9688877356962252 0.9804273558251777 0.9842971047881099 1.0089235719337764 1.0145467921106008 1.0283834840557466 1.0374225920382956 1.0491795439089502 1.0579752564348588 1.067320840028216 1.0740227012469856 1.0868992134782185 1.0976750591388926 1.1252557739947624 1.138792363941139
42 546 -0.07909461681988207 -0.01840352690701107 0.026666498646231294 0.09919588252189047 0.7981939046738195 0.8625977822910215 0.8940711867401409 0.9036964671806602 0.9317769149113719 0.9377179805516546 0.9456296943974577 0.9544583574897313 0.9685568102386517 0.9688877356962252 0.9804273558251777 0.9842971047881099 1.0089235719337764 1.0145467921106008 1.0283834840557466 1.0374225920382956 1.0491795439089502 1.0579752564348588 1.067320840028216 1.0740227012469856 1.0868992134782185 1.0976750591388926 1.1252557739947624 1.138792363941139
43 559 -0.07909461681988207 -0.01840352690701107 0.026666498646231294 0.09919588252189047 0.7981939046738195 0.8625977822910215 0.8940711867401409 0.9036964671806602 0.9317769149113719 0.9377179805516546 0.9456296943974577 0.9544583574897313 0.9685568102386517 0.9688877356962252 0.9804273558251777 0.9842971047881099 1.0089235719337764 1.0145467921106008 1.0283834840557466 1.0374225920382956 1.0491795439089502 1.0579752564348588 1.067320840028216 1.0740227012469856 1.0868992134782185 1.0976750591388926 1.1252557739947624 1.138792363941139
44 572 -0.07909461681988207 -0.01840352690701107 0.026666498646231294 0.09919588252189047 0.7981939046738195 0.8625977822910215 0.8940711867401409 0.9036964671806602 0.9317769149113719 0.9377179805516546 0.9456296943974577 0.9544583574897313 0.9685568102386517 0.9688877356962252 0.9804273558251777 0.9842971047881099 1.0089235719337764 1.0145467921106008 1.0283834840557466 1.0374225920382956 1.0491795439089502 1.0579752564348588 1.067320840028216 1.0740227012469856 1.0868992134782185 1.0976750591388926 1.1252557739947624 1.138792363941139
45 585 -0.07909461681988207 -0.01840352690701107 0.026666498646231294 0.09919588252189047 0.7981939046738195 0.8625977822910215 0.8940711867401409 0.9036964671806602 0.9317769149113719 0.9377179805516546 0.9456296943974577 0.9544583574897313 0.9685568102386517 0.9688877356962252 0.9804273558251777 0.9842971047881099 1.0089235719337764 1.0145467921106008 1.0283834840557466 1.0374225920382956 1.0491795439089502 1.0579752564348588 1.067320840028216 1.0740227012469856 1.0868992134782185 1.0976750591388926 1.1252557739947624 1.138792363941139
46 598 -0.07909461681988207 -0.01840352690701107 0.026666498646231294 0.09919588252189047 0.7981939046738195 0.8625977822910215 0.8940711867401409 0.9036964671806602 0.9317769149113719 0.9377179805516546 0.9456296943974577 0.9544583574897313 0.9685568102386517 0.9688877356962252 0.9804273558251777 0.9842971047881099 1.0089235719337764 1.0145467921106008 1.0283834840557466 1.0374225920382956 1.0491795439089502 1.0579752564348588 1.067320840028216 1.0740227012469856 1.0868992134782185 1.0976750591388926 1.1252557739947624 1.138792363941139
47 611 -0.07909461681988207 -0.01840352690701107 0.026666498646231294 0.09919588252189047 0.7981939046738195 0.8625977822910215 0.8940711867401409 0.9036964671806602 0.9317769149113719 0.9377179805516546 0.9456296943974577 0.9544583574897313 0.9685568102386517 0.9688877356962252 0.9804273558251777 0.9842971047881099 1.0089235719337764 1.0145467921106008 1.0283834840557466 1.0374225920382956 1.0491795439089502 1.0579752564348588 1.067320840028216 1.0740227012469856 1.0868992134782185 1.0976750591388926 1.1252557739947624 1.138792363941139
48 624 -0.07909461681988207 -0.01840352690701107 0.026666498646231294 0.09919588252189047 0.7981939046738195 0.8625977822910215 0.8940711867401409 0.9036964671806602 0.9317769149113719 0.9377179805516546 0.9456296943974577 0.9544583574897313 0.9685568102386517 0.9688877356962252 0.9804273558251777 0.9842971047881099 1.0089235719337764 1.0145467921106008 1.0283834840557466 1.0374225920382956 1.0491795439089502 1.0579752564348588 1.067320840028216 1.0740227012469856 1.0868992134782185 1.0976750591388926 1.1252557739947624 1.138792363941139
49 637 -0.11276408558709174 -0.026295384327785852 0.030466316187242264 0.12591169668568256 0.7546555368084316 0.8144865093290783 0.8577389688713362 0.8733437275902353 0.8932501994855255 0.9098848571113186 0.9258704498329471 0.9307864600542621 0.942618243524306 0.9580408724299095 0.9726321582411346 0.9843979734034101 1.0064076015013856 1.0093607244574883 1.0254722171276291 1.0347931979987741 1.074902529813372 1.0780226671749746 1.09622660388486 1.119490944817061 1.1265527400692545 1.1448040460778697 1.1543242197587393 1.1658099691712442
50 650 -0.11276408558709174 -0.026295384327785852 0.030466316187242264 0.12591169668568256 0.7546555368084316 0.8144865093290783 0.8577389688713362 0.8733437275902353 0.8932501994855255 0.9098848571113186 0.9258704498329471 0.9307864600542621 0.942618243524306 0.9580408724299095 0.9726321582411346 0.9843979734034101 1.0064076015013856 1.0093607244574883 1.0254722171276291 1.0347931979987741 1.074902529813372 1.0780226671749746 1.09622660388486 1.119490944817061 1.1265527400692545 1.1448040460778697 1.1543242197587393 1.1658099691712442
51 663 -0.11276408558709174 -0.026295384327785852 0.030466316187242264 0.12591169668568256 0.7546555368084316 0.8144865093290783 0.8577389688713362 0.8733437275902353 0.8932501994855255 0.9098848571113186 0.9258704498329471 0.9307864600542621 0.942618243524306 0.9580408724299095 0.9726321582411346 0.9843979734034101 1.0064076015013856 1.0093607244574883 1.0254722171276291 1.0347931979987741 1.074902529813372 1.0780226671749746 1.09622660388486 1.119490944817061 1.1265527400692545 1.1448040460778697 1.1543242197587393 1.1658099691712442
52 676 -0.11276408558709174 -0.026295384327785852 0.030466316187242264 0.12591169668568256 0.7546555368084316 0.8144865093290783 0.8577389688713362 0.8733437275902353 0.8932501994855255 0.9098848571113186 0.9258704498329471 0.9307864600542621 0.942618243524306 0.9580408724299095 0.9726321582411346 0.9843979734034101 1.0064076015013856 1.0093607244574883 1.0254722171276291 1.0347931979987741 1.074902529813372 1.0780226671749746 1.09622660388486 1.119490944817061 1.1265527400692545 1.1448040460778697 1.1543242197587393 1.1658099691712442
53 689 -0.11276408558709174 -0.026295384327785852 0.030466316187242264 0.12591169668568256 0.7546555368084316 0.8144865093290783 0.8577389688713362 0.8733437275902353 0.8932501994855255 0.9098848571113186 0.9258704498329471 0.9307864600542621 0.942618243524306 0.9580408724299095 0.9726321582411346 0.9843979734034101 1.0064076015013856 1.0093607244574883 1.0254722171276291 1.0347931979987741 1.074902529813372 1.0780226671749746 1.09622660388486 1.119490944817061 1.1265527400692545 1.1448040460778697 1.1543242197587393 1.1658099691712442
54 702 -0.11276408558709174 -0.026295384327785852 0.030466316187242264 0.12591169668568256 0.7546555368084316 0.8144865093290783 0.8577389688713362 0.8733437275902353 0.8932501994855255 0.9098848571113186 0.9258704498329471 0.9307864600542621 0.942618243524306 0.9580408724299095 0.9726321582411346 0.9843979734034101 1.0064076015013856 1.0093607244574883 1.0254722171276291 1.0347931979987741 1.074902529813372 1.0780226671749746 1.09622660388486 1.119490944817061 1.1265527400692545 1.1448040460778697 1.1543242197587393 1.1658099691712442
55 715 -0.11276408558709174 -0.026295384327785852 0.030466316187242264 0.12591169668568256 0.7546555368084316 0.8144865093290783 0.8577389688713362 0.8733437275902353 0.8932501994855255 0.9098848571113186 0.9258704498329471 0.9307864600542621 0.942618243524306 0.9580408724299095 0.9726321582411346 0.9843979734034101 1.0064076015013856 1.0093607244574883 1.0254722171276291 1.0347931979987741 1.074902529813372 1.0780226671749746 1.09622660388486 1.119490944817061 1.1265527400692545 1.1448040460778697 1.1543242197587393 1.1658099691712442
56 728 -0.11276408558709174 -0.026295384327785852 0.030466316187242264 0.12591169668568256 0.7546555368084316 0.8144865093290783 0.8577389688713362 0.8733437275902353 0.8932501994855255 0.9098848571113186 0.9258704498329471 0.9307864600542621 0.942618243524306 0.9580408724299095 0.9726321582411346 0.9843979734034101 1.0064076015013856 1.0093607244574883 1.0254722171276291 1.0347931979987741 1.074902529813372 1.0780226671749746 1.09622660388486 1.119490944817061 1.1265527400692545 1.1448040460778697 1.1543242197587393 1.1658099691712442
57 741 -0.11276408558709174 -0.026295384327785852 0.030466316187242264 0.12591169668568256 0.7546555368084316 0.8144865093290783 0.8577389688713362 0.8733437275902353 0.8932501994855255 0.9098848571113186 0.9258704498329471 0.9307864600542621 0.942618243524306 0.9580408724299095 0.9726321582411346 0.9843979734034101 1.0064076015013856 1.0093607244574883 1.0254722171276291 1.0347931979987741 1.074902529813372 1.0780226671749746 1.09622660388486 1.119490944817061 1.1265527400692545 1.1448040460778697 1.1543242197587393 1.1658099691712442
58 754 -0.11276408558709174 -0.026295384327785852 0.030466316187242264 0.12591169668568256 0.7546555368084316 0.8144865093290783 0.8577389688713362 0.8733437275902353 0.8932501994855255 0.9098848571113186 0.9258704498329471 0.9307864600542621 0.942618243524306 0.9580408724299095 0.9726321582411346 0.9843979734034101 1.0064076015013856 1.0093607244574883 1.0254722171276291 1.0347931979987741 1.074902529813372 1.0780226671749746 1.09622660388486 1.119490944817061 1.1265527400692545 1.1448040460778697 1.1543242197587393 1.1658099691712442
59 767 -0.11276408558709174 -0.026295384327785852 0.030466316187242264 0.12591169668568256 0.7546555368084316 0.8144865093290783 0.8577389688713362 0.8733437275902353 0.8932501994855255 0.9098848571113186 0.9258704498329471 0.9307864600542621 0.942618243524306 0.9580408724299095 0.9726321582411346 0.9843979734034101 1.0064076015013856 1.0093607244574883 1.0254722171276291 1.0347931979987741 1.074902529813372 1.0780226671749746 1.09622660388486 1.119490944817061 1.1265527400692545 1.1448040460778697 1.1543242197587393 1.1658099691712442
60 780 -0.11276408558709174 -0.026295384327785852 0.030466316187242264 0.12591169668568256 0.7546555368084316 0.8144865093290783 0.8577389688713362 0.8733437275902353 0.8932501994855255 0.9098848571113186 0.9258704498329471 0.9307864600542621 0.942618243524306 0.9580408724299095 0.9726321582411346 0.9843979734034101 1.0064076015013856 1.0093607244574883 1.0254722171276291 1.0347931979987741 1.074902529813372 1.0780226671749746 1.09622660388486 1.119490944817061 1.1265527400692545 1.1448040460778697 1.1543242197587393 1.1658099691712442
61 793 -0.11276408558709174 -0.026295384327785852 0.030466316187242264 0.12591169668568256 0.7546555368084316 0.8144865093290783 0.8577389688713362 0.8733437275902353 0.8932501994855255 0.9098848571113186 0.9258704498329471 0.9307864600542621 0.942618243524306 0.9580408724299095 0.9726321582411346 0.9843979734034101 1.0064076015013856 1.0093607244574883 1.0254722171276291 1.0347931979987741 1.074902529813372 1.0780226671749746 1.09622660388486 1.119490944817061 1.1265527400692545 1.1448040460778697 1.1543242197587393 1.1658099691712442
62 806 -0.11276408558709174 -0.026295384327785852 0.030466316187242264 0.12591169668568256 0.7546555368084316 0.8144865093290783 0.8577389688713362 0.8733437275902353 0.8932501994855255 0.9098848571113186 0.9258704498329471 0.9307864600542621 0.942618243524306 0.9580408724299095 0.9726321582411346 0.9843979734034101 1.0064076015013856 1.0093607244574883 1.0254722171276291 1.0347931979987741 1.074902529813372 1.0780226671749746 1.09622660388486 1.119490944817061 1.1265527400692545 1.1448040460778697 1.1543242197587393 1.1658099691712442
63 819 -0.11276408558709174 -0.026295384327785852 0.030466316187242264 0.12591169668568256 0.7546555368084316 0.8144865093290783 0.8577389688713362 0.8733437275902353 0.8932501994855255 0.9098848571113186 0.9258704498329471 0.9307864600542621 0.942618243524306 0.9580408724299095 0.9726321582411346 0.9843979734034101 1.0064076015013856 1.0093607244574883 1.0254722171276291 1.0347931979987741 1.074902529813372 1.0780226671749746 1.09622660388486 1.119490944817061 1.1265527400692545 1.1448040460778697 1.1543242197587393 1.1658099691712442
64 832 -0.11276408558709174 -0.026295384327785852 0.030466316187242264 0.12591169668568256 0.7546555368084316 0.8144865093290783 0.8577389688713362 0.8733437275902353 0.8932501994855255 0.9098848571113186 0.9258704498329471 0.9307864600542621 0.942618243524306 0.9580408724299095 0.9726321582411346 0.9843979734034101 1.0064076015013856 1.0093607244574883 1.0254722171276291 1.0347931979987741 1.074902529813372 1.0780226671749746 1.09622660388486 1.119490944817061 1.1265527400692545 1.1448040460778697 1.1543242197587393 1.1658099691712442
65 845 -0.11276408558709174 -0.026295384327785852 0.030466316187242264 0.12591169668568256 0.7546555368084316 0.8144865093290783 0.8577389688713362 0.8733437275902353 0.8932501994855255 0.9098848571113186 0.9258704498329471 0.9307864600542621 0.942618243524306 0.9580408724299095 0.9726321582411346 0.9843979734034101 1.0064076015013856 1.0093607244574883 1.0254722171276291 1.0347931979987741 1.074902529813372 1.0780226671749746 1.09622660388486 1.119490944817061 1.1265527400692545 1.1448040460778697 1.1543242197587393 1.1658099691712442
66 858 -0.11276408558709174 -0.026295384327785852 0.030466316187242264 0.12591169668568256 0.7546555368084316 0.8144865093290783 0.8577389688713362 0.8733437275902353 0.8932501994855255 0.9098848571113186 0.9258704498329471 0.9307864600542621 0.942618243524306 0.9580408724299095 0.9726321582411346 0.9843979734034101 1.0064076015013856 1.0093607244574883 1.0254722171276291 1.0347931979987741 1.074902529813372 1.0780226671749746 1.09622660388486 1.119490944817061 1.1265527400692545 1.1448040460778697 1.1543242197587393 1.1658099691712442
67 871 -0.11276408558709174 -0.026295384327785852 0.030466316187242264 0.12591169668568256 0.7546555368084316 0.8144865093290783 0.8577389688713362 0.8733437275902353 0.8932501994855255 0.9098848571113186 0.9258704498329471 0.9307864600542621 0.942618243524306 0.9580408724299095 0.9726321582411346 0.9843979734034101 1.0064076015013856 1.0093607244574883 1.0254722171276291 1.0347931979987741 1.074902529813372 1.0780226671749746 1.09622660388486 1.119490944817061 1.1265527400692545 1.1448040460778697 1.1543242197587393 1.1658099691712442
68 884 -0.11276408558709174 -0.026295384327785852 0.030466316187242264 0.12591169668568256 0.7546555368084316 0.8144865093290783 0.8577389688713362 0.8733437275902353 0.8932501994855255 0.9098848571113186 0.9258704498329471 0.9307864600542621 0.942618243524306 0.9580408724299095 0.9726321582411346 0.9843979734034101 1.0064076015013856 1.0093607244574883 1.0254722171276291 1.0347931979987741 1.074902529813372 1.0780226671749746 1.09622660388486 1.119490944817061 1.1265527400692545 1.1448040460778697 1.1543242197587393 1.1658099691712442
69 897 -0.11276408558709174 -0.026295384327785852 0.030466316187242264 0.12591169668568256 0.7546555368084316 0.8144865093290783 0.8577389688713362 0.8733437275902353 0.8932501994855255 0.9098848571113186 0.9258704498329471 0.9307864600542621 0.942618243524306 0.9580408724299095 0.9726321582411346 0.9843979734034101 1.0064076015013856 1.0093607244574883 1.0254722171276291 1.0347931979987741 1.074902529813372 1.0780226671749746 1.09622660388486 1.119490944817061 1.1265527400692545 1.1448040460778697 1.1543242197587393 1.1658099691712442
70 910 -0.11276408558709174 -0.026295384327785852 0.030466316187242264 0.12591169668568256 0.7546555368084316 0.8144865093290783 0.8577389688713362 0.8733437275902353 0.8932501994855255 0.9098848571113186 0.9258704498329471 0.9307864600542621 0.942618243524306 0.9580408724299095 0.9726321582411346 0.9843979734034101 1.0064076015013856 1.0093607244574883 1.0254722171276291 1.0347931979987741 1.074902529813372 1.0780226671749746 1.09622660388486 1.119490944817061 1.1265527400692545 1.1448040460778697 1.1543242197587393 1.1658099691712442
71 923 -0.11276408558709174 -0.026295384327785852 0.030466316187242264 0.12591169668568256 0.7546555368084316 0.8144865093290783 0.8577389688713362 0.8733437275902353 0.8932501994855255 0.9098848571113186 0.9258704498329471 0.9307864600542621 0.942618243524306 0.9580408724299095 0.9726321582411346 0.9843979734034101 1.0064076015013856 1.0093607244574883 1.0254722171276291 1.0347931979987741 1.074902529813372 1.0780226671749746 1.09622660388486 1.119490944817061 1.1265527400692545 1.1448040460778697 1.1543242197587393 1.1658099691712442
72 936 -0.11276408558709174 -0.026295384327785852 0.030466316187242264 0.12591169668568256 0.7546555368084316 0.8144865093290783 0.8577389688713362 0.8733437275902353 0.8932501994855255 0.9098848571113186 0.9258704498329471 0.9307864600542621 0.942618243524306 0.9580408724299095 0.9726321582411346 0.9843979734034101 1.0064076015013856 1.0093607244574883 1.0254722171276291 1.0347931979987741 1.074902529813372 1.0780226671749746 1.09622660388486 1.119490944817061 1.1265527400692545 1.1448040460778697 1.1543242197587393 1.1658099691712442
73 949 -0.16799830761966628 -0.033789784856249824 0.03900975491611584 0.1430980701163646 0.6832619350988004 0.7955035486128639 0.8033266067406288 0.8260365909112869 0.8565714727938872 0.8811318293989129 0.9045404886350684 0.9237594631228286 0.9336498028886668 0.9416737570376852 0.9764969304153653 0.9812276685622786 1.0220001487507921 1.0265441110808 1.0483488506260512 1.0648756457115602 1.066492971531241 1.0830304030590174 1.0948886112037814 1.1330634821615408 1.1475577426541677 1.156515700608319 1.1938880235968223 1.2297089676137254
74 962 -0.16799830761966628 -0.033789784856249824 0.03900975491611584 0.1430980701163646 0.6832619350988004 0.7955035486128639 0.8033266067406288 0.8260365909112869 0.8565714727938872 0.8811318293989129 0.9045404886350684 0.9237594631228286 0.9336498028886668 0.9416737570376852 0.9764969304153653 0.9812276685622786 1.0220001487507921 1.0265441110808 1.0483488506260512 1.0648756457115602 1.066492971531241 1.0830304030590174 1.0948886112037814 1.1330634821615408 1.1475577426541677 1.156515700608319 1.1938880235968223 1.2297089676137254
75 975 -0.16799830761966628 -0.033789784856249824 0.03900975491611584 0.1430980701163646 0.6832619350988004 0.7955035486128639 0.8033266067406288 0.8260365909112869 0.8565714727938872 0.8811318293989129 0.9045404886350684 0.9237594631228286 0.9336498028886668 0.9416737570376852 0.9764969304153653 0.9812276685622786 1.0220001487507921 1.0265441110808 1.0483488506260512 1.0648756457115602 1.066492971531241 1.0830304030590174 1.0948886112037814 1.1330634821615408 1.1475577426541677 1.156515700608319 1.1938880235968223 1.2297089676137254
76 988 -0.16799830761966628 -0.033789784856249824 0.03900975491611584 0.1430980701163646 0.6832619350988004 0.7955035486128639 0.8033266067406288 0.8260365909112869 0.8565714727938872 0.8811318293989129 0.9045404886350684 0.9237594631228286 0.9336498028886668 0.9416737570376852 0.9764969304153653 0.9812276685622786 1.0220001487507921 1.0265441110808 1.0483488506260512 1.0648756457115602 1.066492971531241 1.0830304030590174 1.0948886112037814 1.1330634821615408 1.1475577426541677 1.156515700608319 1.1938880235968223 1.2297089676137254
77 1001 -0.16799830761966628 -0.033789784856249824 0.03900975491611584 0.1430980701163646 0.6832619350988004 0.7955035486128639 0.8033266067406288 0.8260365909112869 0.8565714727938872 0.8811318293989129 0.9045404886350684 0.9237594631228286 0.9336498028886668 0.9416737570376852 0.9764969304153653 0.9812276685622786 1.0220001487507921 1.0265441110808 1.0483488506260512 1.0648756457115602 1.066492971531241 1.0830304030590174 1.0948886112037814 1.1330634821615408 1.1475577426541677 1.156515700608319 1.1938880235968223 1.2297089676137254
78 1014 -0.16799830761966628 -0.033789784856249824 0.03900975491611584 0.1430980701163646 0.6832619350988004 0.7955035486128639 0.8033266067406288 0.8260365909112869 0.8565714727938872 0.8811318293989129 0.9045404886350684 0.9237594631228286 0.9336498028886668 0.9416737570376852 0.9764969304153653 0.9812276685622786 1.0220001487507921 1.0265441110808 1.0483488506260512 1.0648756457115602 1.066492971531241 1.0830304030590174 1.0948886112037814 1.1330634821615408 1.1475577426541677 1.156515700608319 1.1938880235968223 1.2297089676137254
79 1027 -0.16799830761966628 -0.033789784856249824 0.03900975491611584 0.1430980701163646 0.6832619350988004 0.7955035486128639 0.8033266067406288 0.8260365909112869 0.8565714727938872 0.8811318293989129 0.9045404886350684 0.9237594631228286 0.9336498028886668 0.9416737570376852 0.9764969304153653 0.9812276685622786 1.0220001487507921 1.0265441110808 1.0483488506260512 1.0648756457115602 1.066492971531241 1.0830304030590174 1.0948886112037814 1.1330634821615408 1.1475577426541677 1.156515700608319 1.1938880235968223 1.2297089676137254
80 1040 -0.16799830761966628 -0.033789784856249824 0.03900975491611584 0.1430980701163646 0.6832619350988004 0.7955035486128639 0.8033266067406288 0.8260365909112869 0.8565714727938872 0.8811318293989129 0.9045404886350684 0.9237594631228286 0.9336498028886668 0.9416737570376852 0.9764969304153653 0.9812276685622786 1.0220001487507921 1.0265441110808 1.0483488506260512 1.0648756457115602 1.066492971531241 1.0830304030590174 1.0948886112037814 1.1330634821615408 1.1475577426541677 1.156515700608319 1.1938880235968223 1.2297089676137254
81 1053 -0.16799830761966628 -0.033789784856249824 0.03900975491611584 0.1430980701163646 0.6832619350988004 0.7955035486128639 0.8033266067406288 0.8260365909112869 0.8565714727938872 0.8811318293989129 0.9045404886350684 0.9237594631228286 0.9336498028886668 0.9416737570376852 0.9764969304153653 0.9812276685622786 1.0220001487507921 1.0265441110808 1.0483488506260512 1.0648756457115602 1.066492971531241 1.0830304030590174 1.0948886112037814 1.1330634821615408 1.1475577426541677 1.156515700608319 1.1938880235968223 1.2297089676137254
82 1066 -0.16799830761966628 -0.033789784856249824 0.03900975491611584 0.1430980701163646 0.6832619350988004 0.7955035486128639 0.8033266067406288 0.8260365909112869 0.8565714727938872 0.8811318293989129 0.9045404886350684 0.9237594631228286 0.9336498028886668 0.9416737570376852 0.9764969304153653 0.9812276685622786 1.0220001487507921 1.0265441110808 1.0483488506260512 1.0648756457115602 1.066492971531241 1.0830304030590174 1.0948886112037814 1.1330634821615408 1.1475577426541677 1.156515700608319 1.1938880235968223 1.2297089676137254
83 1079 -0.16799830761966628 -0.033789784856249824 0.03900975491611584 0.1430980701163646 0.6832619350988004 0.7955035486128639 0.8033266067406288 0.8260365909112869 0.8565714727938872 0.8811318293989129 0.9045404886350684 0.9237594631228286 0.9336498028886668 0.9416737570376852 0.9764969304153653 0.9812276685622786 1.0220001487507921 1.0265441110808 1.0483488506260512 1.0648756457115602 1.066492971531241 1.0830304030590174 1.0948886112037814 1.1330634821615408 1.1475577426541677 1.156515700608319 1.1938880235968223 1.2297089676137254
84 1092 -0.16799830761966628 -0.033789784856249824 0.03900975491611584 0.1430980701163646 0.6832619350988004 0.7955035486128639 0.8033266067406288 0.8260365909112869 0.8565714727938872 0.8811318293989129 0.9045404886350684 0.9237594631228286 0.9336498028886668 0.9416737570376852 0.9764969304153653 0.9812276685622786 1.0220001487507921 1.0265441110808 1.0483488506260512 1.0648756457115602 1.066492971531241 1.0830304030590174 1.0948886112037814 1.1330634821615408 1.1475577426541677 1.156515700608319 1.1938880235968223 1.2297089676137254
85 1105 -0.16799830761966628 -0.033789784856249824 0.03900975491611584 0.1430980701163646 0.6832619350988004 0.7955035486128639 0.8033266067406288 0.8260365909112869 0.8565714727938872 0.8811318293989129 0.9045404886350684 0.9237594631228286 0.9336498028886668 0.9416737570376852 0.9764969304153653 0.9812276685622786 1.0220001487507921 1.0265441110808 1.0483488506260512 1.0648756457115602 1.066492971531241 1.0830304030590174 1.0948886112037814 1.1330634821615408 1.1475577426541677 1.156515700608319 1.1938880235968223 1.2297089676137254
86 1118 -0.16799830761966628 -0.033789784856249824 0.03900975491611584 0.1430980701163646 0.6832619350988004 0.7955035486128639 0.8033266067406288 0.8260365909112869 0.8565714727938872 0.8811318293989129 0.9045404886350684 0.9237594631228286 0.9336498028886668 0.9416737570376852 0.9764969304153653 0.9812276685622786 1.0220001487507921 1.0265441110808 1.0483488506260512 1.0648756457115602 1.066492971531241 1.0830304030590174 1.0948886112037814 1.1330634821615408 1.1475577426541677 1.156515700608319 1.1938880235968223 1.2297089676137254
87 1131 -0.16799830761966628 -0.033789784856249824 0.03900975491611584 0.1430980701163646 0.6832619350988004 0.7955035486128639 0.8033266067406288 0.8260365909112869 0.8565714727938872 0.8811318293989129 0.9045404886350684 0.9237594631228286 0.9336498028886668 0.9416737570376852 0.9764969304153653 0.9812276685622786 1.0220001487507921 1.0265441110808 1.0483488506260512 1.0648756457115602 1.066492971531241 1.0830304030590174 1.0948886112037814 1.1330634821615408 1.1475577426541677 1.156515700608319 1.1938880235968223 1.2297089676137254
88 1144 -0.16799830761966628 -0.033789784856249824 0.03900975491611584 0.1430980701163646 0.6832619350988004 0.7955035486128639 0.8033266067406288 0.8260365909112869 0.8565714727938872 0.8811318293989129 0.9045404886350684 0.9237594631228286 0.9336498028886668 0.9416737570376852 0.9764969304153653 0.9812276685622786 1.0220001487507921 1.0265441110808 1.0483488506260512 1.0648756457115602 1.066492971531241 1.0830304030590174 1.0948886112037814 1.1330634821615408 1.1475577426541677 1.156515700608319 1.1938880235968223 1.2297089676137254
89 1157 -0.16799830761966628 -0.033789784856249824 0.03900975491611584 0.1430980701163646 0.6832619350988004 0.7955035486128639 0.8033266067406288 0.8260365909112869 0.8565714727938872 0.8811318293989129 0.9045404886350684 0.9237594631228286 0.9336498028886668 0.9416737570376852 0.9764969304153653 0.9812276685622786 1.0220001487507921 1.0265441110808 1.0483488506260512 1.0648756457115602 1.066492971531241 1.0830304030590174 1.0948886112037814 1.1330634821615408 1.1475577426541677 1.156515700608319 1.1938880235968223 1.2297089676137254
90 1170 -0.16799830761966628 -0.033789784856249824 0.03900975491611584 0.1430980701163646 0.6832619350988004 0.7955035486128639 0.8033266067406288 0.8260365909112869 0.8565714727938872 0.8811318293989129 0.9045404886350684 0.9237594631228286 0.9336498028886668 0.9416737570376852 0.9764969304153653 0.9812276685622786 1.0220001487507921 1.0265441110808 1.0483488506260512 1.0648756457115602 1.066492971531241 1.0830304030590174 1.0948886112037814 1.1330634821615408 1.1475577426541677 1.156515700608319 1.1938880235968223 1.2297089676137254
91 1183 -0.16799830761966628 -0.033789784856249824 0.03900975491611584 0.1430980701163646 0.6832619350988004 0.7955035486128639 0.8033266067406288 0.8260365909112869 0.8565714727938872 0.8811318293989129 0.9045404886350684 0.9237594631228286 0.9336498028886668 0.9416737570376852 0.9764969304153653 0.9812276685622786 1.0220001487507921 1.0265441110808 1.0483488506260512 1.0648756457115602 1.066492971531241 1.0830304030590174 1.0948886112037814 1.1330634821615408 1.1475577426541677 1.156515700608319 1.1938880235968223 1.2297089676137254
92 1196 -0.16799830761966628 -0.033789784856249824 0.03900975491611584 0.1430980701163646 0.6832619350988004 0.7955035486128639 0.8033266067406288 0.8260365909112869 0.8565714727938872 0.8811318293989129 0.9045404886350684 0.9237594631228286 0.9336498028886668 0.9416737570376852 0.9764969304153653 0.9812276685622786 1.0220001487507921 1.0265441110808 1.0483488506260512 1.0648756457115602 1.066492971531241 1.0830304030590174 1.0948886112037814 1.1330634821615408 1.1475577426541677 1.156515700608319 1.1938880235968223 1.2297089676137254
93 1209 -0.16799830761966628 -0.033789784856249824 0.03900975491611584 0.1430980701163646 0.6832619350988004 0.7955035486128639 0.8033266067406288 0.8260365909112869 0.8565714727938872 0.8811318293989129 0.9045404886350684 0.9237594631228286 0.9336498028886668 0.9416737570376852 0.9764969304153653 0.9812276685622786 1.0220001487507921 1.0265441110808 1.0483488506260512 1.0648756457115602 1.066492971531241 1.0830304030590174 1.0948886112037814 1.1330634821615408 1.1475577426541677 1.156515700608319 1.1938880235968223 1.2297089676137254
94 1222 -0.16799830761966628 -0.033789784856249824 0.03900975491611584 0.1430980701163646 0.6832619350988004 0.7955035486128639 0.8033266067406288 0.8260365909112869 0.8565714727938872 0.8811318293989129 0.9045404886350684 0.9237594631228286 0.9336498028886668 0.9416737570376852 0.9764969304153653 0.9812276685622786 1.0220001487507921 1.0265441110808 1.0483488506260512 1.0648756457115602 1.066492971531241 1.0830304030590174 1.0948886112037814 1.1330634821615408 1.1475577426541677 1.156515700608319 1.1938880235968223 1.2297089676137254
95 1235 -0.16799830761966628 -0.033789784856249824 0.03900975491611584 0.1430980701163646 0.6832619350988004 0.7955035486128639 0.8033266067406288 0.8260365909112869 0.8565714727938872 0.8811318293989129 0.9045404886350684 0.9237594631228286 0.9336498028886668 0.9416737570376852 0.9764969304153653 0.9812276685622786 1.0220001487507921 1.0265441110808 1.0483488506260512 1.0648756457115602 1.066492971531241 1.0830304030590174 1.0948886112037814 1.1330634821615408 1.1475577426541677 1.156515700608319 1.1938880235968223 1.2297089676137254
96 1248 -0.16799830761966628 -0.033789784856249824 0.03900975491611584 0.1430980701163646 0.6832619350988004 0.7955035486128639 0.8033266067406288 0.8260365909112869 0.8565714727938872 0.8811318293989129 0.9045404886350684 0.9237594631228286 0.9336498028886668 0.9416737570376852 0.9764969304153653 0.9812276685622786 1.0220001487507921 1.0265441110808 1.0483488506260512 1.0648756457115602 1.066492971531241 1.0830304030590174 1.0948886112037814 1.1330634821615408 1.1475577426541677 1.156515700608319 1.1938880235968223 1.2297089676137254
97 1261 -0.219730805651397 -0.04093519587333853 0.04666830905764172 0.17767628784368752 0.6874553668173429 0.7190157576052643 0.7708792817091502 0.8238025129261233 0.8386485813518786 0.8587414572408603 0.8871983406575145 0.8939767769896391 0.9169895461478181 0.943727819614255 0.9669322497809476 0.9718659005465041 0.9927704642430919 1.0221994439055115 1.0320576519526523 1.0706117548616199 1.0804455148690433 1.0996909473548717 1.1205818743939868 1.1506960807135538 1.1659731748356799 1.2133707018688324 1.2307736285981563 1.246823172600791
98 1274 -0.219730805651397 -0.04093519587333853 0.04666830905764172 0.17767628784368752 0.6874553668173429 0.7190157576052643 0.7708792817091502 0.8238025129261233 0.8386485813518786 0.8587414572408603 0.8871983406575145 0.8939767769896391 0.9169895461478181 0.943727819614255 0.9669322497809476 0.9718659005465041 0.9927704642430919 1.0221994439055115 1.0320576519526523 1.0706117548616199 1.0804455148690433 1.0996909473548717 1.1205818743939868 1.1506960807135538 1.1659731748356799 1.2133707018688324 1.2307736285981563 1.246823172600791
99 1287 -0.219730805651397 -0.04093519587333853 0.04666830905764172 0.17767628784368752 0.6874553668173429 0.7190157576052643 0.7708792817091502 0.8238025129261233 0.8386485813518786 0.8587414572408603 0.8871983406575145 0.8939767769896391 0.9169895461478181 0.943727819614255 0.9669322497809476 0.9718659005465041 0.9927704642430919 1.0221994439055115 1.0320576519526523 1.0706117548616199 1.0804455148690433 1.0996909473548717 1.1205818743939868 1.1506960807135538 1.1659731748356799 1.2133707018688324 1.2307736285981563 1.246823172600791
100 1300 -0.219730805651397 -0.04093519587333853 0.04666830905764172 0.17767628784368752 0.6874553668173429 0.7190157576052643 0.7708792817091502 0.8238025129261233 0.8386485813518786 0.8587414572408603 0.8871983406575145 0.8939767769896391 0.9169895461478181 0.943727819614255 0.9669322497809476 0.9718659005465041 0.9927704642430919 1.0221994439055115 1.0320576519526523 1.0706117548616199 1.0804455148690433 1.0996909473548717 1.1205818743939868 1.1506960807135538 1.1659731748356799 1.2133707018688324 1.2307736285981563 1.246823172600791
101 1313 -0.219730805651397 -0.04093519587333853 0.04666830905764172 0.17767628784368752 0.6874553668173429 0.7190157576052643 0.7708792817091502 0.8238025129261233 0.8386485813518786 0.8587414572408603 0.8871983406575145 0.8939767769896391 0.9169895461478181 0.943727819614255 0.9669322497809476 0.9718659005465041 0.9927704642430919 1.0221994439055115 1.0320576519526523 1.0706117548616199 1.0804455148690433 1.0996909473548717 1.1205818743939868 1.1506960807135538 1.1659731748356799 1.2133707018688324 1.2307736285981563 1.246823172600791
102 1326 -0.219730805651397 -0.04093519587333853 0.04666830905764172 0.17767628784368752 0.6874553668173429 0.7190157576052643 0.7708792817091502 0.8238025129261233 0.8386485813518786 0.8587414572408603 0.8871983406575145 0.8939767769896391 0.9169895461478181 0.943727819614255 0.9669322497809476 0.9718659005465041 0.9927704642430919 1.0221994439055115 1.0320576519526523 1.0706117548616199 1.0804455148690433 1.0996909473548717 1.1205818743939868 1.1506960807135538 1.1659731748356799 1.2133707018688324 1.2307736285981563 1.246823172600791
103 1339 -0.219730805651397 -0.04093519587333853 0.04666830905764172 0.17767628784368752 0.6874553668173429 0.7190157576052643 0.7708792817091502 0.8238025129261233 0.8386485813518786 0.8587414572408603 0.8871983406575145 0.8939767769896391 0.9169895461478181 0.943727819614255 0.9669322497809476 0.9718659005465041 0.9927704642430919 1.0221994439055115 1.0320576519526523 1.0706117548616199 1.0804455148690433 1.0996909473548717 1.1205818743939868 1.1506960807135538 1.1659731748356799 1.2133707018688324 1.2307736285981563 1.246823172600791
104 1352 -0.219730805651397 -0.04093519587333853 0.04666830905764172 0.17767628784368752 0.6874553668173429 0.7190157576052643 0.7708792817091502 0.8238025129261233 0.8386485813518786 0.8587414572408603 0.8871983406575145 0.8939767769896391 0.9169895461478181 0.943727819614255 0.9669322497809476 0.9718659005465041 0.9927704642430919 1.0221994439055115 1.0320576519526523 1.0706117548616199 1.0804455148690433 1.0996909473548717 1.1205818743939868 1.1506960807135538 1.1659731748356799 1.2133707018688324 1.2307736285981563 1.246823172600791
105 1365 -0.219730805651397 -0.04093519587333853 0.04666830905764172 0.17767628784368752 0.6874553668173429 0.7190157576052643 0.7708792817091502 0.8238025129261233 0.8386485813518786 0.8587414572408603 0.8871983406575145 0.8939767769896391 0.9169895461478181 0.943727819614255 0.9669322497809476 0.9718659005465041 0.9927704642430919 1.0221994439055115 1.0320576519526523 1.0706117548616199 1.0804455148690433 1.0996909473548717 1.1205818743939868 1.1506960807135538 1.1659731748356799 1.2133707018688324 1.2307736285981563 1.246823172600791
106 1378 -0.219730805651397 -0.04093519587333853 0.04666830905764172 0.17767628784368752 0.6874553668173429 0.7190157576052643 0.7708792817091502 0.8238025129261233 0.8386485813518786 0.8587414572408603 0.8871983406575145 0.8939767769896391 0.9169895461478181 0.943727819614255 0.9669322497809476 0.9718659005465041 0.9927704642430919 1.0221994439055115 1.0320576519526523 1.0706117548616199 1.0804455148690433 1.0996909473548717 1.1205818743939868 1.1506960807135538 1.1659731748356799 1.2133707018688324 1.2307736285981563 1.246823172600791
107 1391 -0.219730805651397 -0.04093519587333853 0.04666830905764172 0.17767628784368752 0.6874553668173429 0.7190157576052643 0.7708792817091502 0.8238025129261233 0.8386485813518786 0.8587414572408603 0.8871983406575145 0.8939767769896391 0.9169895461478181 0.943727819614255 0.9669322497809476 0.9718659005465041 0.9927704642430919 1.0221994439055115 1.0320576519526523 1.0706117548616199 1.0804455148690433 1.0996909473548717 1.1205818743939868 1.1506960807135538 1.1659731748356799 1.2133707018688324 1.2307736285981563 1.246823172600791
108 1404 -0.219730805651397 -0.04093519587333853 0.04666830905764172 0.17767628784368752 0.6874553668173429 0.7190157576052643 0.7708792817091502 0.8238025129261233 0.8386485813518786 0.8587414572408603 0.8871983406575145 0.8939767769896391 0.9169895461478181 0.943727819614255 0.9669322497809476 0.9718659005465041 0.9927704642430919 1.0221994439055115 1.0320576519526523 1.0706117548616199 1.0804455148690433 1.0996909473548717 1.1205818743939868 1.1506960807135538 1.1659731748356799 1.2133707018688324 1.2307736285981563 1.246823172600791
109 1417 -0.219730805651397 -0.04093519587333853 0.04666830905764172 0.17767628784368752 0.6874553668173429 0.7190157576052643 0.7708792817091502 0.8238025129261233 0.8386485813518786 0.8587414572408603 0.8871983406575145 0.8939767769896391 0.9169895461478181 0.943727819614255 0.9669322497809476 0.9718659005465041 0.9927704642430919 1.0221994439055115 1.0320576519526523 1.0706117548616199 1.0804455148690433 1.0996909473548717 1.1205818743939868 1.1506960807135538 1.1659731748356799 1.2133707018688324 1.2307736285981563 1.246823172600791
110 1430 -0.219730805651397 -0.04093519587333853 0.04666830905764172 0.17767628784368752 0.6874553668173429 0.7190157576052643 0.7708792817091502 0.8238025129261233 0.8386485813518786 0.8587414572408603 0.8871983406575145 0.8939767769896391 0.9169895461478181 0.943727819614255 0.9669322497809476 0.9718659005465041 0.9927704642430919 1.0221994439055115 1.0320576519526523 1.0706117548616199 1.0804455148690433 1.0996909473548717 1.1205818743939868 1.1506960807135538 1.1659731748356799 1.2133707018688324 1.2307736285981563 1.246823172600791
111 1443 -0.219730805651397 -0.04093519587333853 0.04666830905764172 0.17767628784368752 0.6874553668173429 0.7190157576052643 0.7708792817091502 0.8238025129261233 0.8386485813518786 0.8587414572408603 0.8871983406575145 0.8939767769896391 0.9169895461478181 0.943727819614255 0.9669322497809476 0.9718659005465041 0.9927704642430919 1.0221994439055115 1.0320576519526523 1.0706117548616199 1.0804455148690433 1.0996909473548717 1.1205818743939868 1.1506960807135538 1.1659731748356799 1.2133707018688324 1.2307736285981563 1.246823172600791
112 1456 -0.219730805651397 -0.04093519587333853 0.04666830905764172 0.17767628784368752 0.6874553668173429 0.7190157576052643 0.7708792817091502 0.8238025129261233 0.8386485813518786 0.8587414572408603 0.8871983406575145 0.8939767769896391 0.9169895461478181 0.943727819614255 0.9669322497809476 0.9718659005465041 0.9927704642430919 1.0221994439055115 1.0320576519526523 1.0706117548616199 1.0804455148690433 1.0996909473548717 1.1205818743939868 1.1506960807135538 1.1659731748356799 1.2133707018688324 1.2307736285981563 1.246823172600791
113 1469 -0.219730805651397 -0.04093519587333853 0.04666830905764172 0.17767628784368752 0.6874553668173429 0.7190157576052643 0.7708792817091502 0.8238025129261233 0.8386485813518786 0.8587414572408603 0.8871983406575145 0.8939767769896391 0.9169895461478181 0.943727819614255 0.9669322497809476 0.9718659005465041 0.9927704642430919 1.0221994439055115 1.0320576519526523 1.0706117548616199 1.0804455148690433 1.0996909473548717 1.1205818743939868 1.1506960807135538 1.1659731748356799 1.2133707018688324 1.2307736285981563 1.246823172600791
114 1482 -0.219730805651397 -0.04093519587333853 0.04666830905764172 0.17767628784368752 0.6874553668173429 0.7190157576052643 0.7708792817091502 0.8238025129261233 0.8386485813518786 0.8587414572408603 0.8871983406575145 0.8939767769896391 0.9169895461478181 0.943727819614255 0.9669322497809476 0.9718659005465041 0.9927704642430919 1.0221994439055115 1.0320576519526523 1.0706117548616199 1.0804455148690433 1.0996909473548717 1.1205818743939868 1.1506960807135538 1.1659731748356799 1.2133707018688324 1.2307736285981563 1.246823172600791
115 1495 -0.219730805651397 -0.04093519587333853 0.04666830905764172 0.17767628784368752 0.6874553668173429 0.7190157576052643 0.7708792817091502 0.8238025129261233 0.8386485813518786 0.8587414572408603 0.8871983406575145 0.8939767769896391 0.9169895461478181 0.943727819614255 0.9669322497809476 0.9718659005465041 0.9927704642430919 1.0221994439055115 1.0320576519526523 1.0706117548616199 1.0804455148690433 1.0996909473548717 1.1205818743939868 1.1506960807135538 1.1659731748356799 1.2133707018688324 1.2307736285981563 1.246823172600791
116 1508 -0.219730805651397 -0.04093519587333853 0.04666830905764172 0.17767628784368752 0.6874553668173429 0.7190157576052643 0.7708792817091502 0.8238025129261233 0.8386485813518786 0.8587414572408603 0.8871983406575145 0.8939767769896391 0.9169895461478181 0.943727819614255 0.9669322497809476 0.9718659005465041 0.9927704642430919 1.0221994439055115 1.0320576519526523 1.0706117548616199 1.0804455148690433 1.0996909473548717 1.1205818743939868 1.1506960807135538 1.1659731748356799 1.2133707018688324 1.2307736285981563 1.246823172600791
117 1521 -0.219730805651397 -0.04093519587333853 0.04666830905764172 0.17767628784368752 0.6874553668173429 0.7190157576052643 0.7708792817091502 0.8238025129261233 0.8386485813518786 0.8587414572408603 0.8871983406575145 0.8939767769896391 0.9169895461478181 0.943727819614255 0.9669322497809476 0.9718659005465041 0.9927704642430919 1.0221994439055115 1.0320576519526523 1.0706117548616199 1.0804455148690433 1.0996909473548717 1.1205818743939868 1.1506960807135538 1.1659731748356799 1.2133707018688324 1.2307736285981563 1.246823172600791
118 1534 -0.219730805651397 -0.04093519587333853 0.04666830905764172 0.17767628784368752 0.6874553668173429 0.7190157576052643 0.7708792817091502 0.8238025129261233 0.8386485813518786 0.8587414572408603 0.8871983406575145 0.8939767769896391 0.9169895461478181 0.943727819614255 0.9669322497809476 0.9718659005465041 0.9927704642430919 1.0221994439055115 1.0320576519526523 1.0706117548616199 1.0804455148690433 1.0996909473548717 1.1205818743939868 1.1506960807135538 1.1659731748356799 1.2133707018688324 1.2307736285981563 1.246823172600791
119 1547 -0.219730805651397 -0.04093519587333853 0.04666830905764172 0.17767628784368752 0.6874553668173429 0.7190157576052643 0.7708792817091502 0.8238025129261233 0.8386485813518786 0.8587414572408603 0.8871983406575145 0.8939767769896391 0.9169895461478181 0.943727819614255 0.9669322497809476 0.9718659005465041 0.9927704642430919 1.0221994439055115 1.0320576519526523 1.0706117548616199 1.0804455148690433 1.0996909473548717 1.1205818743939868 1.1506960807135538 1.1659731748356799 1.2133707018688324 1.2307736285981563 1.246823172600791
120 1560 -0.219730805651397 -0.04093519587333853 0.04666830905764172 0.17767628784368752 0.6874553668173429 0.7190157576052643 0.7708792817091502 0.8238025129261233 0.8386485813518786 0.8587414572408603 0.8871983406575145 0.8939767769896391 0.9169895461478181 0.943727819614255 0.9669322497809476 0.9718659005465041 0.9927704642430919 1.0221994439055115 1.0320576519526523 1.0706117548616199 1.0804455148690433 1.0996909473548717 1.1205818743939868 1.1506960807135538 1.1659731748356799 1.2133707018688324 1.2307736285981563 1.246823172600791
120 1560 -0.219730805651397 -0.04093519587333853 0.04666830905764172 0.17767628784368752 0.6874553668173429 0.7190157576052643 0.7708792817091502 0.8238025129261233 0.8386485813518786 0.8587414572408603 0.8871983406575145 0.8939767769896391 0.9169895461478181 0.943727819614255 0.9669322497809476 0.9718659005465041 0.9927704642430919 1.0221994439055115 1.0320576519526523 1.0706117548616199 1.0804455148690433 1.0996909473548717 1.1205818743939868 1.1506960807135538 1.1659731748356799 1.2133707018688324 1.2307736285981563 1.246823172600791
