% # columns="iteration, evaluation, sigma, void, void,  stds==sigma*sigma_vec.scaling*sqrt(diag(C))", seed=482608, Mon Oct 13 21:19:36 2025, <python>{}</python>
1 13 0.1988945363975263 0 0 0.19862926748410545 0.19941711305715923 0.19831292419579763 0.19823172834639394 0.19669333502633352 0.19832264294174487 0.19846166570248913 0.1993138778485524 0.19945074556372594 0.1986268512140823 0.19842877322343827 0.19965953167995373 0.19952289428171152 0.1984731929335337 0.19898644249949896 0.19977539666411648 0.19872883629245544 0.19900348133301968 0.19731108091541288 0.19755719121868717 0.19992045096646385 0.19886655237930054 0.19871020564649028 0.19816198253531764
2 26 0.18997482140989796 0 0 0.189092743047836 0.189909387416165 0.18955268903892375 0.18912422892808115 0.1865514653819509 0.1888950581815731 0.18928133737544034 0.19031940445686682 0.19047205109338394 0.18916562166403744 0.18676200457311765 0.19091257718493027 0.1902619511175538 0.18969119945446575 0.18994077626415115 0.19130243486204287 0.18940104984879047 0.18864883749591835 0.1883165051425302 0.1884528041310024 0.19112269257519254 0.18973594691804713 0.1904109252268398 0.18908515195017409
3 39 0.18682722677900462 0 0 0.18610798740619072 0.1870033432671238 0.18661495275146736 0.18605815935069034 0.18482557914307055 0.18630276453200886 0.18511059921653894 0.18718465752898517 0.18727393985027513 0.18630841933440673 0.18311213558693404 0.18597462579720803 0.18658682677709576 0.18573312590157223 0.1848281224692884 0.18875393672733173 0.18729709047773682 0.18524402285866642 0.18375146818739632 0.18343124954054796 0.1869731343250936 0.1870500735036617 0.18955410880273077 0.18568154348693702
4 52 0.18230988404217552 0 0 0.18138119322800889 0.18190294975547328 0.18200030810614162 0.1804096939394825 0.18020554611694356 0.18340634736436884 0.18158423671005505 0.18395827176786345 0.1826287080694813 0.18109470725276655 0.17799314039261654 0.1808173958090173 0.18236322772408659 0.18144688187005312 0.17955134685790394 0.1847392744662519 0.1814254788174326 0.18032921234895827 0.17897550843259274 0.17927379500718085 0.18136733485414458 0.18163410040099964 0.18484284214195934 0.1811501202490162
5 65 0.17960579807037297 0 0 0.17820701670669545 0.1791664954038925 0.17913458169444074 0.1786058035107503 0.177598720711696 0.1819990785754993 0.1784659774123987 0.1809861359994484 0.18011253378568542 0.1765203771054619 0.17501009094020098 0.1783607949537538 0.17980852838963968 0.1796537657575791 0.17747544645520197 0.18283635351090233 0.17820651057390272 0.17623607767885716 0.17639697659669093 0.1762026277996753 0.17860086520159285 0.17981374750257736 0.1820479112869215 0.17729510255437192
6 78 0.17573831025039585 0 0 0.1736825286938762 0.17556568099125056 0.17499141222914805 0.17494002001814138 0.17270975162412547 0.17743219957659925 0.17473132682785586 0.17725068142741748 0.17707255180021364 0.17283581935054473 0.17112382518457037 0.1744147563042264 0.17582147277039764 0.17438875778167565 0.17397496306111926 0.1790221551104618 0.17277173205064147 0.17279292282733605 0.1724312783462043 0.17259700542133136 0.17432436520587305 0.17648624335886326 0.17892720075971494 0.17259597769649723
7 91 0.17329615132949214 0 0 0.17149624269322747 0.1732669316742832 0.1722046440016463 0.17184917327131113 0.17070342352607426 0.1756073785107982 0.17267041541660846 0.17530870219355735 0.17474884408949926 0.17105423025320055 0.16895919295435063 0.17115732308598386 0.1738972791526028 0.1719729812204418 0.17060932001286463 0.17650449256757353 0.16955041350360023 0.17003776222978156 0.16859181136004522 0.16913624685615875 0.17250881367023774 0.17496950206370446 0.17687365246384765 0.16928708452437033
8 104 0.17284438976269967 0 0 0.17175731233176456 0.17229553769527287 0.17307757854950198 0.17130691233567924 0.1697760796945858 0.17474143867229142 0.17086607255333083 0.17438869353958603 0.17335422929394773 0.17060174851719184 0.1685056468115071 0.17103580227015036 0.1737871267902437 0.17174980259160263 0.16978692186108915 0.1765476639910235 0.16963346923009973 0.1700929437702021 0.16861387975015102 0.16843960533386315 0.17217491134853685 0.1754014862035216 0.17662915670075172 0.16682077740663181
9 117 0.16748832475334824 0 0 0.1658101166400917 0.16623411777784936 0.16804787122035778 0.1645856941995837 0.16456156036625721 0.16919535966256177 0.1655125271536372 0.16899612969192973 0.1674383353085728 0.16445323570953213 0.1636517087199501 0.16549695920677104 0.16770924731000245 0.16655468231633347 0.16449942522404884 0.17058398211360198 0.16332820424938765 0.16545653018986406 0.16331516024976542 0.163430108406266 0.1670451458092709 0.16989041376124295 0.17018462333548456 0.16112195380157943
10 130 0.16474042015018478 0 0 0.1631632342993203 0.16310688277593335 0.16604482600944995 0.1614393710514123 0.16173085097686946 0.16584860582030367 0.16299745851673672 0.165106909106256 0.16503965998302822 0.16132624202268303 0.1605646596989104 0.16320392956533286 0.1642393672504906 0.16351223012299826 0.1617882590856863 0.16772700255020714 0.1589756764545797 0.16408857619959283 0.1611549678914469 0.1611616334950167 0.16450247448325744 0.16733269381777813 0.16730754503092662 0.15750158762790273
11 143 0.1634531003801948 0 0 0.1606348948516595 0.1613787498069729 0.16579100548044157 0.16026172310796563 0.15959564515905703 0.16437938880682876 0.16229007992955366 0.16566129353769277 0.16403507144482993 0.15976717199962115 0.15948027828576594 0.1622620595143045 0.16258597200424527 0.1621747468377642 0.16121414134577344 0.1660764229457521 0.1576989183969827 0.16433484215703487 0.15845056233254518 0.15878232439734763 0.16304829738945825 0.16560302072780303 0.16566974206329663 0.15598981210642393
12 156 0.15681996240304982 0 0 0.1539345893226267 0.1556866039606294 0.15935271418019947 0.15350584936454037 0.1530963560971345 0.15821059470737214 0.15637654724416106 0.1585451683506897 0.15690565858540165 0.1526829833370869 0.1526717783915105 0.1553675545029635 0.15559400990812564 0.1540490826313857 0.15457395266285334 0.15941049590429524 0.15061826980714818 0.1588320209344871 0.15214313703390048 0.15146267992748766 0.15681943723096944 0.15861052247871915 0.1578970864680077 0.1486044425223474
13 169 0.15560179832348342 0 0 0.1518524336622006 0.15475710377307053 0.15957773207402257 0.1522516535014524 0.1519464572333301 0.15719242710355824 0.15507916291290522 0.15780003018522845 0.1556659104233531 0.15174964275043507 0.15136901511294565 0.1527545381015113 0.15440028473098366 0.15240280109401033 0.1538269108271099 0.15696759853592357 0.14933788410642396 0.15804353712484134 0.15116026454729403 0.1502068509703797 0.15449185804203125 0.15745395807517845 0.15529918660647782 0.1470605946783809
14 182 0.15967493725965465 0 0 0.15552207655965403 0.15913710095108327 0.16434201575917778 0.15608323592988618 0.15540892784291482 0.16080449447948197 0.1571819298831513 0.16259466012298912 0.15992828016151653 0.15683445161682955 0.15514191002933223 0.1563930826051536 0.15816051582933585 0.1561249134320724 0.15633580749851003 0.1616690320361679 0.15319834308029515 0.1614565840590821 0.1552601725407243 0.154192082618512 0.1606768605626666 0.1623155869904109 0.16059184855353498 0.14944387065712827
15 195 0.15745970372366502 0 0 0.15396322521203673 0.1560121261757059 0.16280814703371943 0.1536798345163241 0.15384750122661536 0.15828149892494153 0.1552719336830754 0.16118425145470774 0.15788560718653563 0.15547531391714278 0.1526498405440082 0.1541714336518711 0.1548391267837978 0.15317386725949125 0.15421470247545743 0.15952049644406027 0.14824490637390672 0.1587781653369908 0.15352250407884238 0.151849165205721 0.1586457116820076 0.15968886027809798 0.15873264156151293 0.14678981990203394
16 208 0.1524860311278174 0 0 0.148853372658519 0.1505560871859573 0.15785868369606812 0.14815054672248168 0.14870560873576416 0.15304029884060333 0.15038610361138918 0.15642856239234995 0.1523081495395543 0.15020259007271147 0.14783301890802214 0.14896586364380018 0.14962404933643178 0.14802907303721202 0.14911725169591883 0.15452538599661844 0.14361101565925732 0.15435470280421718 0.14822851481114654 0.1484542505539514 0.15272292696127146 0.154305483304481 0.15395817819572288 0.142468470925147
17 221 0.14579734994540433 0 0 0.14185388691828968 0.1436037657803181 0.15104649879233134 0.14219739403424472 0.14193667984303862 0.14605703246605908 0.14240319905383825 0.14920916498962902 0.14485379556509323 0.14399280098959202 0.1407926888793806 0.14248183930211625 0.1429002173501191 0.14129735596754908 0.14314131010290682 0.14754867869154423 0.1373152198811649 0.14730814928744818 0.14149416459592032 0.14138404645500732 0.14622622568293805 0.14736076716187088 0.14614439813081181 0.13606188857622623
18 234 0.13883547892452852 0 0 0.13453281794024613 0.13653357931617685 0.14299588895379894 0.1346794200444902 0.13479403413928162 0.138809324334206 0.13554557873637016 0.14177432689537606 0.13765486873218444 0.13897434045397877 0.13367912790698708 0.13589829300233766 0.1360513411641235 0.13434824414110877 0.1361826925847145 0.14027465896001662 0.13065199413377349 0.14033608334691575 0.1349458838174367 0.13352959839187398 0.13938703298421493 0.14036127072151666 0.13901660533142524 0.12913836162738881
19 247 0.1328152134389968 0 0 0.12823276329501093 0.1308445840175691 0.13666789623522474 0.12829662648430118 0.12890066407637896 0.1330785253648411 0.12981452817242056 0.1352094338992893 0.13082517810023678 0.13394637501870435 0.12768528944503818 0.1302779476477388 0.12990981688969822 0.12838518235948468 0.128361341407736 0.134257926786442 0.12491906720681124 0.13431946562768943 0.12868086925124966 0.12781600174456798 0.1333196220133425 0.13452557198476442 0.1328324104971432 0.12380922921712928
20 260 0.13116220901803682 0 0 0.12595563421768322 0.129380477182275 0.1337272944462426 0.1260430932034314 0.1269147189156217 0.1316770066274664 0.12788245279816157 0.13328577331465494 0.1293733284702529 0.1334014909206592 0.12609229634237634 0.1289799551226646 0.12809416347240773 0.12610186156233347 0.12666514816881982 0.1328434142604646 0.12531074441057088 0.13229487660713768 0.12783207486837658 0.12621980925466827 0.13117389548303582 0.1326596394512692 0.13190612505408478 0.12234317896717375
21 273 0.13132534704270746 0 0 0.1263462754355082 0.1294641970318954 0.13367392380785897 0.12576572584016618 0.1268675415750666 0.13181195419421549 0.12746086337123924 0.1335643075897204 0.12934533587733466 0.132633544826812 0.1259118077388489 0.12926151744374983 0.12789981696275257 0.12702827637481207 0.12596256487632035 0.13318375830069432 0.12700834098797326 0.13247002885913758 0.1269272418123287 0.12589502872508787 0.13128103747813755 0.1326168335886031 0.13192636203307695 0.12244511806873211
22 286 0.12691237677323033 0 0 0.12073686270976143 0.12493778589383916 0.1285769393114674 0.12077164631323273 0.12268850175810583 0.1277948593491028 0.12317787820600914 0.1293360887212484 0.12492800329602423 0.12796565988482622 0.1213967402901475 0.12520597154369198 0.12361423896932286 0.12170840543797742 0.12213422065685099 0.12848663252229384 0.12324342999022449 0.12779819044471818 0.12210045959699783 0.12127664996687246 0.1272832116951075 0.12786759425187974 0.12747939679399972 0.11784147226151241
23 299 0.11952322074493776 0 0 0.11343235173495576 0.11744111184597064 0.1207101093308898 0.11351821806613205 0.11465175376277402 0.12051205728497706 0.11477554575702088 0.12092410558279078 0.11812886974729771 0.1205078051032884 0.11368224663276501 0.11731045201795957 0.11662318786271898 0.11475198957951503 0.11453228360549016 0.12117146358472125 0.1163245168930641 0.12041533079430593 0.11516457964518333 0.11423590362277167 0.1196105042208032 0.12013645082536076 0.12001447391335616 0.1105695437531554
24 312 0.11389745656988881 0 0 0.1082508059460346 0.11018720193546634 0.1146273452980354 0.10826567235297206 0.10844953118206223 0.11461256385473366 0.1087470061001643 0.11573517863539502 0.11261349371767004 0.11455920888278065 0.10848960045675811 0.11182033102124626 0.11156777677940032 0.10982324977923297 0.10895146375030691 0.11537730896023561 0.1108340848735905 0.11426377741948224 0.109322805817659 0.10912727823134673 0.11398142342575227 0.11446967585822852 0.11378962240417179 0.10466288104544177
25 325 0.11218810258983478 0 0 0.10678146984067759 0.10798762510394604 0.11207712558842191 0.10640428132487449 0.10631719932391388 0.11198987693457522 0.107357267244654 0.11447398258782585 0.11110254816514104 0.11232417543358574 0.10739929701037837 0.1101338103112535 0.10955778441362138 0.1077403319845113 0.10733230499632435 0.11281838509381265 0.10911430468120006 0.11230795654371774 0.10766858798086736 0.10730893408850356 0.1121291007934133 0.11276398752058248 0.11227884293014984 0.10349875793791354
26 338 0.11015030616682299 0 0 0.10482088461981645 0.10571107750967745 0.11005633803070636 0.10381684857855641 0.1038278504238253 0.10920342554987242 0.10509979148569183 0.11081010650616227 0.10919698717194914 0.1106608408863511 0.10554032956658915 0.1084689740074949 0.10839252872800324 0.10653695154484474 0.10580234861887142 0.11090554136352854 0.10689526605716497 0.11088768905392622 0.10572413399668489 0.10508983581405384 0.11112179328865056 0.11038119134736234 0.10999754244074607 0.10133046918540196
27 351 0.10678560999985112 0 0 0.10135981908086095 0.10214150151064949 0.10652157470916628 0.10039593071935037 0.10036174559367488 0.10511924878054256 0.10183359605618968 0.10739179158486277 0.10540517854491692 0.10607720470523264 0.10235669602142773 0.10467069330818231 0.10578334368484449 0.1027761849990042 0.10286719480068278 0.10807494973373982 0.10371893202808076 0.10751327766261835 0.1018938742133265 0.10178367770575988 0.10864597243553348 0.10705708812538374 0.10617870606506896 0.09813435613376471
28 364 0.10325116454154273 0 0 0.09773638157685482 0.09836851196309931 0.10251249025310252 0.09730239702071028 0.0959208474307503 0.10175898856675293 0.09865306232016097 0.1041172469219495 0.10149522041097178 0.10233501344158787 0.09921769342940087 0.10071458878773946 0.10237045399017349 0.09870290001337109 0.0985907094671369 0.10495206274380744 0.10033437326954592 0.10378703437025405 0.09856600479565512 0.09851818459664412 0.10541522231720975 0.10337045074775936 0.10245649512460117 0.09505543083802982
29 377 0.10086383181074556 0 0 0.09595410487951314 0.09605524838179122 0.09976685894531952 0.09480850734118307 0.09371447446681914 0.09865235714282954 0.0961865748940489 0.1020066137355227 0.0991560946424702 0.10059621148719274 0.09676885492703649 0.09864670720118142 0.09994457856767971 0.09628690955073896 0.09623291574976756 0.10279844912413924 0.09773897026799169 0.10103265239694997 0.09654313149225924 0.09621998966010628 0.10304486528701674 0.10109287645571498 0.09916205495453871 0.09334203412055887
30 390 0.09632992292875012 0 0 0.09183171335449539 0.09062422410549291 0.0951039855382884 0.09056151521644024 0.08932895230941168 0.09359956498619897 0.09200495649668067 0.0964008257827752 0.09461850740200917 0.09645970911918172 0.09235062341311462 0.09420260203244342 0.09599887597492882 0.0921588259722497 0.09084806162765519 0.09745081334686892 0.09289572497085238 0.09652786280345757 0.0920714089621115 0.09181144499946649 0.09838018275517678 0.09671653791420637 0.09519599117094696 0.08844810317059426
31 403 0.09490970214741118 0 0 0.09035704424616221 0.08905348443503101 0.09363211436917271 0.08954799831427689 0.08766377780287242 0.09237148011421543 0.09033184479333935 0.09494063423021115 0.09279649823370212 0.09422920986407024 0.09113896322125013 0.09233698271928237 0.09508055826999331 0.09063837485933857 0.08943723822389629 0.09715694726863336 0.09104780334156377 0.09470032887692395 0.09079063255551136 0.09039975410711203 0.09641268206217488 0.0950133193059009 0.09371744603408608 0.08727836783621079
32 416 0.09017538256394114 0 0 0.08572898154422541 0.08325646796743405 0.08927933936331237 0.08528434735362357 0.08306820271919119 0.08780523884435891 0.08581576530810653 0.09019262349290533 0.08824415176448719 0.08953564745076446 0.08608583307768582 0.0877943339264405 0.09051966766299416 0.08583596187526842 0.0843610386430214 0.09222624255638828 0.08619044310324185 0.0900495651547783 0.08612899163308413 0.08574843406980717 0.09143825823473496 0.09034084848807793 0.0884350768405013 0.08296248972290088
33 429 0.08635306759095121 0 0 0.08164037890131987 0.07937953538899457 0.08511457100783017 0.08167862178039312 0.07931237303082465 0.08457515988319879 0.08216942086101678 0.08636781000496789 0.08426341600322604 0.08547326268630896 0.08176217159520373 0.08363821332967045 0.08690523280659757 0.08217804384005922 0.08088991220451906 0.0878291711247541 0.0824588546229108 0.08609611586398754 0.08196975576352118 0.08227249341884249 0.08792722724776109 0.08658299115257248 0.08470209915607031 0.08068580000631462
34 442 0.08343181413704545 0 0 0.07883912992417764 0.07656592006991435 0.08208709565146807 0.07800289227052094 0.07660064461963317 0.08219545611298718 0.07903596091757385 0.08380543073166896 0.08113926909697576 0.08262447104893132 0.07861667494326434 0.08023290262081878 0.08399096163853022 0.07931683813768328 0.07801539664834536 0.08495684376554488 0.07969338857958803 0.08312907818239106 0.07949374878881972 0.07955269158800521 0.08442729292848607 0.08364203130999531 0.08181843190348542 0.07793161851132856
35 455 0.07944138346526039 0 0 0.07513389433709815 0.0728473010859242 0.07821636863513134 0.07410305419038596 0.07279917064384128 0.07813381505719776 0.07514764372563579 0.07952642505243947 0.07730010674403152 0.07884496161397649 0.07422130102486368 0.07647471093713047 0.07994698666530092 0.07564145196906556 0.07465344919258748 0.08099561295094099 0.0740850197037802 0.07925479437570472 0.07554287094733168 0.0758252778855227 0.08045845460883373 0.07989383751197347 0.0779243446171872 0.07415893257083453
36 468 0.07601516479245543 0 0 0.07135020476021456 0.07000422571348776 0.074692803277456 0.07093009742933729 0.06975337644635392 0.07487646479455108 0.07166175980871042 0.07591885001488188 0.07326433461251015 0.07536635134552366 0.07053076947679282 0.07372748841793926 0.07549204528998021 0.07222629168620348 0.07069037980741905 0.07763423771466933 0.07060153140501396 0.07668572290144587 0.07286896644992236 0.07244686119527415 0.07700257559072313 0.07644334383972935 0.07449437818616077 0.07087234068610226
37 481 0.07569011866980607 0 0 0.07156691525252344 0.06938403177118199 0.0747082747189709 0.07062658580218274 0.06955100330663282 0.07466149351126537 0.07049451289605105 0.07580517819378493 0.07293572202682545 0.07516763612990641 0.06999891311987363 0.07363818967475397 0.07498254867903548 0.07212860658289977 0.07001228868728096 0.07730029107544836 0.06977754697908316 0.07638175549637423 0.07354994623674158 0.07228171909267667 0.07571201114140762 0.07578032582509193 0.07399381945441433 0.07057528711457241
38 494 0.07496292422981736 0 0 0.07140265492441238 0.06874291597405305 0.07407034413355901 0.07029725889943614 0.06867495557000954 0.07388193992411782 0.06932737877403373 0.07503369062852068 0.07144909989036727 0.0747436515310653 0.06898582854957615 0.07322605719116022 0.07419181397467572 0.0713167807546358 0.06951124128951187 0.07649554513925226 0.06908634796127541 0.07589619841079807 0.07336472563577327 0.0714340875237192 0.07488709114422742 0.07510752456784732 0.07325972065465833 0.06966172349210568
39 507 0.07044923282843343 0 0 0.0671038367181499 0.06472625820544961 0.069319115563182 0.06581558713880292 0.06436006013631117 0.0693784857815703 0.06421710864505785 0.07055941210290839 0.0671966244505659 0.07069109876260118 0.06400529914603965 0.06854146260333865 0.06966438574141548 0.067088664896452 0.06546075441501645 0.07185149783587028 0.06538141113200903 0.0710551678482911 0.06945619234044365 0.06707611133461208 0.0704791179803026 0.07023715133264717 0.06831661429187051 0.06573902893785723
40 520 0.06839511701335536 0 0 0.06515169460155676 0.06270406796005445 0.06724507350376595 0.06419615332963606 0.06252046001296356 0.06716508990209714 0.062029830709622535 0.06766534661588215 0.065912150735482 0.06818266239703369 0.06199364239376457 0.0663543394804489 0.06750401499148213 0.0654847294697441 0.06339356531464801 0.0695581473460874 0.06345235099876308 0.06911121762385175 0.0675983874206222 0.06486807737702313 0.06810576663426571 0.06803069181021544 0.06653642158014682 0.06355121924493713
41 533 0.06724655080319725 0 0 0.06382990888323886 0.06180050996580881 0.06603186574336069 0.06292876634142097 0.06137471091762658 0.0660469325898179 0.060748894891895215 0.06647080002565686 0.06518304031338383 0.06685995277105605 0.060921390516591144 0.06527490844429239 0.0657704969415706 0.06411293611732403 0.06244643920343733 0.06855004494374096 0.061808798593952885 0.06812803958618864 0.06637090065051689 0.0637267557570472 0.06716586402622707 0.06677454643402621 0.06569563392403023 0.062381238112365185
42 546 0.06382962452284763 0 0 0.06008181433347557 0.058338427112815665 0.06233628775142556 0.05964840026460431 0.058172340378548626 0.06250711981829671 0.05699406511390692 0.06284409262807818 0.061877868126110326 0.06327312317505848 0.057732301241044046 0.06211487889608956 0.06256712015451948 0.06075536309909632 0.05957528665708266 0.06484006822652238 0.0585062609076883 0.06493023825210426 0.06332905898701752 0.06024145365992825 0.06382152449506201 0.06344130830204375 0.06229497322517737 0.05916565378352777
43 559 0.060825518098643845 0 0 0.0567401514533961 0.05534962010706562 0.05902387687749174 0.05667673770929235 0.055624307920587826 0.05956570026927022 0.054289246824856266 0.05931185062065311 0.0589046348309652 0.06053463954855715 0.05498314417169635 0.059061316458521404 0.05960037806199294 0.05732901334615438 0.0568405002108972 0.06177030902660142 0.05571677369193362 0.06204783621443616 0.0602575515617247 0.05737399111664499 0.06111331835058034 0.06053024728735152 0.05893562803304124 0.056462439971294104
44 572 0.05666532595500983 0 0 0.053015318781975705 0.05167589113752941 0.054892454346524476 0.05272130614942666 0.051769154887689815 0.05563432537424509 0.0502912940572523 0.055344992171355 0.0547266755068318 0.05626122276120085 0.05101230241103366 0.05499227317402904 0.055028999949327514 0.052853756839465325 0.05287170348093421 0.05759245372970384 0.05158002529264827 0.05779042049234225 0.05592938835206019 0.05359938860813517 0.05661560782163853 0.05626100757224757 0.05494846516240386 0.052415813921452274
45 585 0.053052000895220774 0 0 0.049710259819838565 0.04773644099140747 0.051464401070764755 0.049279658955733545 0.04831957467846411 0.05191816926615953 0.046997242494103746 0.05176627847695207 0.05116051029266538 0.05256686173992909 0.04767187944197707 0.05142255541086531 0.05129563466274632 0.049287683485370916 0.0491127580805971 0.05387494956439475 0.04826555957217786 0.05425591158928576 0.05237562975081217 0.049894085177777686 0.05301843077887402 0.052705344732462724 0.05172080397587731 0.04931782717089598
46 598 0.049396417939814835 0 0 0.04615935138220358 0.04439899290674822 0.04787973262718062 0.045864304684372977 0.04467884508113923 0.048304634236462266 0.04330799918827839 0.04781123763468449 0.047649169236789975 0.04878408903405886 0.044445688545997813 0.04781804551783679 0.04766132427642124 0.045820351520343285 0.04553610069390409 0.05010648827090693 0.0449016240767181 0.05024681233756432 0.04855254866911912 0.04683845879776531 0.0494544079250009 0.04897349800235111 0.04835070881635103 0.04586470777520488
47 611 0.04643854958437242 0 0 0.043112718036882484 0.0419446860271689 0.045215617254320425 0.042887732109064054 0.04169106945277033 0.045284230107517164 0.04050230934236876 0.04492407517736175 0.04465719104096551 0.0456915524585768 0.04174451351087908 0.04504408622033674 0.04492089678991955 0.04304733112770507 0.04275801032214407 0.047107209240062446 0.04205186917280948 0.04713472538257222 0.045513118973477026 0.0439560298188164 0.04651116256880373 0.045849746396404864 0.04539375834341434 0.04358434445793148
48 624 0.044243625302022686 0 0 0.041247505293469953 0.039678828700531514 0.04282093401717395 0.04086110439362881 0.039818608919303854 0.042893216015368336 0.03855990979121624 0.042910579361755734 0.04230863257864741 0.04349135265492748 0.03980063497689466 0.04291778905830333 0.04254506327647886 0.04109210709309699 0.04026801616547944 0.04474495849982617 0.04009487176098446 0.04494804714704779 0.04351901645035444 0.04156062925461459 0.044343427119294385 0.043788566787773896 0.04351141517181468 0.04156305815367819
49 637 0.04161279106592732 0 0 0.03863916104050165 0.03725587947347682 0.04026951730753702 0.03837896253939417 0.03717334657657296 0.040203945754063795 0.036176677305336385 0.04033763901253159 0.03980178975229912 0.04110874952993717 0.03758939503799897 0.04049407487746156 0.040071754975623215 0.03863415206210381 0.03766542906821242 0.04210753676714126 0.037821231752361115 0.04203801271599055 0.040738532644587294 0.038942506957899296 0.04150450646818514 0.04103756893669211 0.04056173164005634 0.03891083254906815
50 650 0.03833447064598019 0 0 0.035446585900709364 0.034316070045883065 0.03730373717542665 0.03516796751056649 0.0342414797042068 0.03684451386158929 0.03314904812189538 0.0369128779490983 0.03657904895232433 0.037692554482526154 0.03467269515435513 0.037182707723665887 0.03710888862010689 0.03564233364636086 0.03444876164524459 0.038767837630517575 0.03458836874263071 0.03868725082758969 0.03753400095982874 0.03556406481481814 0.038093924965158156 0.03781681942546111 0.03732926573210493 0.03571859357495928
51 663 0.035234304047804685 0 0 0.03235377170455021 0.03144224820926519 0.03407893098734841 0.03220321891622594 0.03162291766568762 0.03375993007089991 0.030416181370868524 0.03371069291490277 0.03357813213338809 0.034602020198120406 0.031520474130686406 0.03412103220770867 0.034135767004681246 0.03302917097033995 0.03154333699756932 0.035830405852375104 0.03169059006869545 0.03544777657773268 0.03446831256664275 0.03257387207338142 0.034919720215518014 0.034721726152628876 0.03445957891948384 0.0328820422377843
52 676 0.03345750638260801 0 0 0.030839100757313262 0.03000419773658743 0.032274747652846617 0.030369917116770687 0.030050338772819492 0.03199070765565561 0.02897919703069774 0.032003779571167915 0.031794951329339155 0.033025580893877096 0.029938171827078766 0.03242344656912676 0.03208650849876073 0.0312566605661629 0.029864191569288098 0.03389858332866951 0.030089474862163835 0.03371537167001111 0.0326723971625818 0.03086135973458116 0.03323712347405441 0.032988540929734224 0.03258351405428199 0.031196674013392288
53 689 0.03203137971806466 0 0 0.02951513555929481 0.028728115194228777 0.03079015315320696 0.0290646898697751 0.0286869245182978 0.03061408278661008 0.02744247054495239 0.0306251027039805 0.03020755062626011 0.031464323096285156 0.028565163819279676 0.030953759355921942 0.0305170556669849 0.029932884819286878 0.028391280365215724 0.03252269675866958 0.028717236594755474 0.03237486149161841 0.03141300073834054 0.0296018924623625 0.03155119489801733 0.03177573656797229 0.031324742992605126 0.029686244191847233
54 702 0.031343917772070996 0 0 0.02886564953657141 0.028034621509658027 0.030057254993282916 0.028690532179340304 0.02814060184124207 0.030133934577274306 0.026838914888983656 0.02991060957236039 0.029588373866949055 0.03074277303501503 0.027710461300677412 0.03057511729850973 0.029788938063603214 0.02935358517667115 0.027615182514467453 0.03184080149450608 0.028041940544726703 0.03158762112273565 0.030733060892747497 0.028988018152990125 0.030839366607107194 0.031082395118964226 0.030520244953646063 0.029077825123645495
55 715 0.032506698871232795 0 0 0.029879931710769272 0.02888961291569008 0.03129072544512974 0.02979427567124379 0.029090794221082888 0.03115497607117009 0.02780793872206942 0.030976838740173124 0.030733249087163766 0.03179990139390031 0.028752122770719715 0.03176842896362271 0.030928223145452037 0.030436604384397017 0.028883442035647907 0.03300236078018524 0.029041325018934225 0.032483789208741655 0.03300172120403585 0.0301516454456338 0.0319664217968288 0.032573385703087356 0.03155946093691411 0.029913956148291083
56 728 0.033255921157977195 0 0 0.03047352926613055 0.02966045071407638 0.03205834154393463 0.03049747727194561 0.029642729780708876 0.0317357736977751 0.028375003198552375 0.03158957604661769 0.031309800005313526 0.03265886711616995 0.029310857593746676 0.032421012539230354 0.03151330189027459 0.03125503584349914 0.029682288444503893 0.03389811811795584 0.02966692964150252 0.03326795098559784 0.034037758423289294 0.030920740279085458 0.03260577400787234 0.03333745672526056 0.03218478207002298 0.03070568810289752
57 741 0.03448542366610421 0 0 0.03179878566886532 0.03055304603107473 0.03310576469925848 0.03160800699762688 0.030740810434443176 0.032937819261346805 0.029279254874575777 0.03269391153393111 0.032632396450711275 0.03381673156802689 0.030291202049309334 0.03396770349285052 0.03270974436380413 0.032483088526173945 0.030827553234761603 0.03514478778958259 0.03045002423909599 0.03443775125765469 0.03572633504524156 0.03186048000175008 0.03395233571343708 0.03471122929789243 0.033392605820273924 0.03181496250481908
58 754 0.0345535829323483 0 0 0.03205406757684968 0.0305577146442715 0.03329604620164815 0.03165385565103983 0.030764153787557674 0.03293723325101195 0.02918840600602413 0.0327189943069816 0.03274301611103739 0.033716010189463116 0.03035703100012263 0.03408090311486962 0.032675262216535196 0.0324753694013603 0.031014040183424043 0.03531931104309029 0.030591774178354007 0.0343812993843502 0.03588017506642245 0.03191898710657154 0.03403291628295762 0.034718882108116675 0.03342725323230034 0.0317760560589259
59 767 0.034266585629834256 0 0 0.031910176176875485 0.03032502379716299 0.03319892354278639 0.031375028106727966 0.030436031430123862 0.032697700203433835 0.028898917111476154 0.032325457204487 0.032509804518270756 0.03347951115559682 0.030017193738791987 0.033705404484575104 0.032325967202776196 0.03216136890858732 0.03074423496388808 0.0352000236645238 0.030224409684692616 0.03399721938874547 0.03549435210393019 0.03155457074089914 0.033879038812589704 0.03439283042047251 0.03302258969463794 0.03142440647890292
60 780 0.034891032069052266 0 0 0.03272191628567848 0.03098427548925453 0.034137180739524604 0.032027710548989605 0.030715645092324627 0.03307182648481879 0.02943745074206396 0.03271600153645251 0.033060516746398975 0.03450020029919968 0.030622924048810302 0.03446960949251671 0.03284952972684125 0.032775332455428026 0.031150562110794262 0.03578856809465774 0.03073087937843684 0.03455591900017896 0.03617411316769285 0.03234233802278157 0.03449591671822783 0.03505660283908399 0.03350745897543357 0.03182645723427619
61 793 0.03458651226378597 0 0 0.03281411084206767 0.03063719341871893 0.03384084112742112 0.03169147732572673 0.030279871116966544 0.032796710371843646 0.02904476870790049 0.0323359114111839 0.032726295810347215 0.0341136008946674 0.03037858881246231 0.03414121013189146 0.032432364909480906 0.03249518650420136 0.03092981878288124 0.035452808691536095 0.030080594597212802 0.03418769537181271 0.035834781460513124 0.032166037971207956 0.03426258394914426 0.034764258692759134 0.03305569241264479 0.03142164143957042
62 806 0.034676780202727284 0 0 0.03295198509015074 0.031006488423386103 0.034406084052922045 0.031689000100683 0.030336477190446076 0.03302301844238252 0.02910421729009683 0.032284803664978615 0.03248524491371269 0.03454157231793234 0.03030257390737428 0.03428096826216572 0.03248987248004452 0.032566844806404885 0.031035112374275274 0.03528203783867246 0.029904802630647168 0.03456490773156122 0.03609284786524596 0.03213058863648004 0.034364407600846705 0.03492327244036799 0.03298859498133597 0.03151164133996176
63 819 0.034854194435138604 0 0 0.032973828970870124 0.03139943052065031 0.034629860962876374 0.031704693036142706 0.03032724000395591 0.03321129473612501 0.029175492934965287 0.0325122387092765 0.03266231742764422 0.0349829797437318 0.030245084156787658 0.0345924645082007 0.032227473968355555 0.03273377743084007 0.03095375641905926 0.03540200894255383 0.029752720901258325 0.034896445143642006 0.03634032159306927 0.032353619564517856 0.03452140015015144 0.03525625196956018 0.03327588584674374 0.031933256636186375
64 832 0.0348715083526429 0 0 0.0331650324537075 0.031404802483798205 0.034781615449040876 0.03174967138438677 0.03015194547601377 0.033105928931449785 0.029218865038804456 0.03254229435618734 0.03260788090108477 0.03521912778295011 0.03020484829217809 0.03464084262493172 0.03209733213759222 0.032675958812602234 0.030888030651038092 0.03549734683055746 0.029907482818333213 0.034959106718662834 0.0361557471735614 0.03240967641821388 0.03460662807115932 0.0351183216558889 0.03326764049923174 0.031917163200327614
65 845 0.035563464260819855 0 0 0.03363964805952697 0.031954933287467534 0.03561031817775576 0.03292007399437779 0.030660431045430446 0.03363589136698683 0.029777019299560482 0.033042893790322214 0.03307226086307684 0.03621092154039451 0.030731842752335967 0.03516163490389937 0.03262084599424618 0.03328383865421317 0.031493443852585935 0.03624959932557253 0.03063959013828649 0.035477832440466 0.03658876912681964 0.033137427909002176 0.03525042139502628 0.035721944524032066 0.03410572690401402 0.032419053408081475
66 858 0.03534475170432247 0 0 0.033386569910635 0.031876534907073005 0.03546230796540776 0.03298088926317849 0.030409443643881574 0.03335852733013033 0.02933670337227814 0.03280670576102738 0.03282154784308071 0.035932588210572644 0.03046232192679307 0.034963631503411655 0.03190478685907111 0.03294476369816062 0.03129101274081432 0.036091542247023864 0.03039864046081125 0.035505898826751085 0.035919105768730406 0.03306646867283532 0.03512771088396147 0.035554234221113375 0.03392692234120038 0.032184515066515984
67 871 0.03496937993967228 0 0 0.03274348325474894 0.031558581135051174 0.03514481026262824 0.03271742632455895 0.030076360661150898 0.03303328769525743 0.02882369087888886 0.032499769265723503 0.03232665400500759 0.03559076630004813 0.02991056615901699 0.034656455381790914 0.031605702031099296 0.032553650032579255 0.030558549084127196 0.035990562939079235 0.029939892899259277 0.03532180144671833 0.03548907024245375 0.03273653930993758 0.0344844050949618 0.03522906768527693 0.03363412004302373 0.03168640067812576
68 884 0.034147925607580676 0 0 0.03207913807477631 0.03101237705748735 0.034213085294418 0.031781258516137764 0.02936333289410999 0.032241841447538895 0.028140117143931245 0.03171239917495235 0.031155330835957288 0.03475827520112281 0.029338894038938412 0.03402315677768778 0.03074169203630124 0.03180530848398536 0.029829008474774772 0.035068991124626345 0.02919651883083917 0.03449934894948698 0.03443603666506372 0.03192536198307703 0.03347962548125344 0.03454781636847738 0.032792594244158355 0.03091915050689816
69 897 0.03302416837255893 0 0 0.03110125311925722 0.030012680835808363 0.03307873376804331 0.030885328226512365 0.028363115084662913 0.0309818435163004 0.027065101592603853 0.030587324877366876 0.030023965108597072 0.03333357313589967 0.028225239608104687 0.032881317980756025 0.029670204704873474 0.03086542711465839 0.028816360951758217 0.034032377620116225 0.0282180356773749 0.033250443193904876 0.03312111464717819 0.030754320135974934 0.03238213760890376 0.03337505145964638 0.031811127711751146 0.0299232941073769
70 910 0.03225320681094614 0 0 0.030317528196320154 0.029304825018245852 0.0321424538415692 0.030172134998357882 0.027620422159024792 0.030112158351959885 0.02619125715566455 0.029820531103946616 0.02932065163795784 0.032610784411580246 0.027596976280419426 0.031881351152746595 0.028985181564099967 0.030180260464941287 0.028118513862212043 0.03332368584613145 0.0273025037222376 0.03268007035897909 0.03233380306864644 0.03005160847309949 0.03184044467674045 0.032708271763761905 0.03105464066135196 0.029131094523480318
71 923 0.03052878104260629 0 0 0.028772788192333927 0.027597872252004666 0.030296146000780365 0.02840977103844976 0.0261389400401154 0.028357985233430923 0.024790361058464643 0.028165410699315788 0.02781264018912882 0.03078996045571996 0.026055343512033268 0.03030262157270966 0.02746365434802824 0.028488449839309347 0.026523803811050947 0.03167972577529404 0.02579222232790926 0.03087033994275903 0.030289836189548835 0.028465425132728924 0.0301799861279204 0.03069920330250055 0.0292650486504724 0.027639000280515868
72 936 0.029697897373074406 0 0 0.028018017809739473 0.026674475012710985 0.02938880314680205 0.027576853006307092 0.025475573059001125 0.027509893649313933 0.024045686346091163 0.02752132610385976 0.026985970290990674 0.029954504182707262 0.025412989114086435 0.029563997416066457 0.026624182570894266 0.027499202739359883 0.025767668980998967 0.03084414672271779 0.024979233230720207 0.030110387501883027 0.029490961597579034 0.02736641332147206 0.029381299322015417 0.030051503437497892 0.028459198729834472 0.026855608354301366
73 949 0.02818376022905129 0 0 0.02639390697653711 0.025240736649210643 0.027754913755004565 0.02616536401753403 0.02414532259522662 0.025880929337662856 0.022862373574189635 0.026086906827362505 0.025711876493183867 0.028366531839264814 0.024104756859582986 0.028004510240179435 0.02516258988808523 0.026053554666824005 0.02443582586281995 0.029180587715057625 0.023706922311006913 0.028578086404950492 0.02792171436675019 0.025954746741615273 0.02783871178145809 0.028527063563167688 0.026905394756724602 0.025438870565965947
74 962 0.026979350805627245 0 0 0.025302580741093636 0.024128662133207208 0.026642623534160477 0.02512283012140118 0.023241798685169113 0.024744037444539825 0.021901479144578222 0.024677758736879565 0.024298720755027196 0.0271684813798469 0.02294560027024869 0.026863440795953153 0.024033791777923013 0.0249352032122213 0.023363235788280475 0.028022863590707547 0.022702751398788693 0.027436327058590095 0.026657598121489823 0.024865904764657283 0.026575410054603447 0.02723133898561921 0.02572075831323468 0.0243854098621254
75 975 0.026869590875917122 0 0 0.025183955733281964 0.024156147691814452 0.02660878069722033 0.02496415331624434 0.023090448977423315 0.024711237294452706 0.021531732321766507 0.024541042327757327 0.024338891560013946 0.02717510728507405 0.022822942097282847 0.0268337301815343 0.023717343262501477 0.024699601943801112 0.023178983740532285 0.02805018758526958 0.02250070884750733 0.027360969521918146 0.026745800508865127 0.0247637777773618 0.026663366483114157 0.027083325874825093 0.02551004634512885 0.024337377936307046
76 988 0.026439801255647474 0 0 0.024756629844228138 0.02372371097594216 0.02607662892868198 0.024640380162846812 0.022598344487942203 0.024334674539576846 0.02107416952998854 0.024210765747813397 0.024016721371553917 0.026466526066948184 0.02244919251805662 0.026415269672612263 0.02329835666161333 0.024188766255219995 0.02284492495974686 0.02750292727508629 0.02203663432450588 0.026882014466083695 0.02628639289810115 0.024202277390219573 0.02630447847071528 0.026684297883495883 0.02518195447613576 0.02386430838327205
77 1001 0.02624855550689845 0 0 0.024581332162222705 0.023572163328583026 0.025892277488412226 0.024403076179912664 0.02241338748632097 0.024645892977885938 0.020918407616870152 0.0240064628420467 0.023617815683922457 0.02615971133939263 0.02213888047090163 0.025930481007026416 0.02313854001476952 0.023982053696192416 0.02264678365173106 0.027333665181313416 0.02182096529929794 0.026697384494583958 0.026093654082444233 0.024027980849265412 0.02597102507129201 0.026415194677957388 0.02507542360879775 0.02383308687257582
78 1014 0.02572117751241254 0 0 0.023930909247050353 0.023185979020141776 0.025358120338569122 0.023988233992045416 0.021977216008028145 0.023970294315449576 0.020442630060308883 0.023449439194193154 0.023133846241051075 0.025599644173976872 0.02163662831458095 0.025596505519943448 0.02274833117344394 0.02356028686590409 0.02210948979263562 0.026664841341127173 0.021467290231527946 0.026114525053911927 0.02553354956850816 0.02353412003829121 0.025439313261229512 0.02567811884566597 0.02451642234462095 0.0234962875520426
79 1027 0.02551911310165181 0 0 0.02382913279717535 0.02294476444452067 0.02510879506051422 0.023664815202746024 0.021746601406023112 0.02381241699857688 0.02031667259249573 0.02329092114818007 0.022822854258128054 0.025365090953354437 0.021426576922083985 0.025530537402966874 0.022565702118229707 0.023355221614611375 0.022206315704563145 0.026602170156638516 0.021388879891731605 0.025864942449246916 0.02508040189332158 0.023271072267274266 0.025213329021352187 0.025200623431134196 0.024195440219088482 0.0232732421719752
80 1040 0.024802481784649066 0 0 0.023098152341080355 0.0222705863423406 0.02442468115359412 0.02294715960815286 0.021194833335434128 0.02313210550867824 0.019758238256362852 0.02247612343269148 0.02219831724180516 0.02449443929997137 0.020933989922282695 0.024844010594194596 0.021983491470564304 0.02279769409325974 0.021618284131579096 0.025919474700265868 0.020586741369437177 0.025009943029249176 0.02411038130886537 0.022580378724582757 0.024531242092578162 0.024455061385799916 0.023538956747682065 0.022620962808735302
81 1053 0.0247092975961781 0 0 0.02285202983114761 0.02217035404333469 0.024256670614301618 0.02265304852981707 0.021231159759396448 0.023001117211027863 0.019828891525832393 0.022283250315790936 0.022081028844120033 0.02432624074923512 0.02077621124503466 0.024724994437818695 0.021951253594065183 0.022854006167339406 0.021569341414127027 0.025725137060659986 0.020607803075422346 0.025022702236490255 0.023936051365212405 0.022569793259448162 0.024518566994429267 0.024218874504213936 0.023671202218740913 0.02251580362262458
82 1066 0.024668412878581805 0 0 0.022732812843114215 0.022123085011909634 0.024284631757268204 0.022605717303829716 0.021115746079124913 0.02286293718056872 0.019726332463816876 0.0220186966052906 0.021991945040908976 0.02444542682734988 0.02082953114541069 0.024835422007214857 0.021759779695693718 0.022926894049976044 0.02153193646491808 0.02577379075642548 0.020450795564856954 0.025059787608508657 0.02378634038714484 0.02255239971211109 0.024488838643347784 0.02414259440964491 0.023675019650119908 0.022484994913535918
83 1079 0.02463184411352693 0 0 0.022625541440115252 0.0222251386354181 0.024167709374126902 0.022686015701201215 0.021161915004385457 0.022869399784083505 0.019739000803207108 0.02192179364640666 0.02192546098318008 0.0244228983499738 0.02083413108436892 0.025003453618233622 0.021763009272717307 0.02304985239059534 0.021557636514624445 0.025665761381115197 0.020220027547860273 0.02493706515995157 0.023721917940857002 0.022409174756276212 0.024325838569942443 0.023907192108169995 0.023491248950754016 0.022408157010073444
84 1092 0.0249714488666387 0 0 0.02291935658302131 0.022563399669908953 0.02441774619874109 0.023079935516325683 0.021476187063598242 0.023047649669020526 0.019967252815159882 0.02254318246133313 0.022203611136870777 0.024919759113502412 0.021073747189505793 0.025335347213560348 0.022202021094891517 0.023398567556551293 0.021991122710214406 0.02588595522285482 0.020515856496893903 0.025264827592142863 0.024085651970678763 0.022767161916106744 0.024625187323241024 0.024180175606444573 0.023642753292263112 0.022724233432458506
85 1105 0.02428568481138151 0 0 0.022270244550243356 0.021914382059667725 0.023657020765929685 0.02243488988876341 0.02090315265699211 0.022387887068074905 0.019505138998384748 0.021798277059833792 0.021391022039308642 0.024227061909818517 0.02050510474047361 0.024643729656503573 0.0215873148692884 0.02280237023652226 0.021364517799906637 0.025083795098202754 0.019704098800334136 0.02454468990667024 0.0235440215879615 0.021970007380499364 0.024060668582272987 0.023584720382216744 0.022904063800614573 0.022061145362528928
86 1118 0.023314745430125974 0 0 0.021406805237049388 0.02098387871075515 0.022663145093232268 0.021500393933472355 0.0200275987907841 0.021601561586690347 0.01876776050915062 0.020887585883260406 0.020421198604054096 0.02339826671202237 0.01964495729201829 0.023626144223164728 0.020719668996099394 0.021722738047005714 0.020498622957366514 0.024105970874448435 0.018723816569865624 0.02352770470115979 0.022578991555699403 0.021052125799246747 0.0231115708761178 0.022479889451348947 0.02191867888996607 0.021123193153825836
87 1131 0.02292883714262219 0 0 0.021063476623589858 0.020511053278452054 0.02233450479887311 0.021038279690063073 0.019716215188864326 0.02124781081848671 0.0184834644331784 0.020509777739198137 0.019943782956950137 0.022943070523278233 0.01931452187241422 0.023270655270127123 0.020352574807379474 0.021357294755733686 0.020021311457224338 0.02364349517279783 0.018265286505274664 0.023162211255790266 0.022219119695145575 0.020791418844931797 0.022585263982151046 0.02196856774499599 0.021572635519741794 0.02098011266231487
88 1144 0.023447239995466194 0 0 0.021572261484829373 0.02118343665042281 0.022880522817082367 0.021722657641728548 0.020145194754008403 0.021698272924146184 0.01899607564296056 0.02067065608628041 0.020379951122831516 0.02340194067141022 0.019732547829477927 0.023718640399966254 0.020886321121065077 0.021823707757756942 0.02034384205396303 0.024256587873397854 0.018640990019030287 0.023694328808406134 0.02258565758452673 0.021135463460393144 0.022989644765525667 0.022630034257059523 0.022078005820541875 0.021550898918653656
89 1157 0.024062639724297064 0 0 0.0221530071134728 0.021777229229364953 0.023545221393586984 0.022293798777628694 0.020711077437573795 0.02222239600253994 0.019512627060353005 0.021251400275250572 0.02092136997204227 0.02422371983386204 0.020213014839286857 0.024308640466962628 0.021443197775115806 0.022434287346410453 0.020752590496816433 0.024971727292095205 0.0190033179920607 0.02421130420574379 0.023129099696201142 0.021502468633111792 0.023448022838492844 0.02323880507178262 0.022703894459217465 0.022068401072402613
90 1170 0.023679814517448154 0 0 0.02167008227120115 0.021400695499058514 0.02310873524425389 0.02189705109179195 0.02032047769439004 0.02196553631307176 0.019129397289608236 0.0209296950590131 0.020519390397174674 0.023957072809878265 0.019900033037828353 0.023577182502029635 0.02096948172033413 0.022082075295605987 0.02037806843578168 0.024564934532092065 0.018633169647644804 0.02378846486593646 0.022619828275627377 0.02123180472916726 0.023012257271561906 0.022918538507614515 0.02226319129024838 0.02172529946139324
91 1183 0.02263917197959049 0 0 0.020727061260163097 0.020546572455998502 0.021975289752150077 0.020872791133297715 0.019414006689980022 0.021040163867102616 0.01830662956957088 0.019849715587114295 0.019538527468438104 0.02296880701904655 0.01880239533851259 0.022532785721578442 0.020034202100992004 0.021110486637151243 0.019444516815397675 0.023451674837534995 0.017813350194618074 0.02279685177123938 0.021616346468833394 0.020306253807107065 0.02205376639087638 0.02171619896841552 0.021245276970182726 0.020807744168555263
92 1196 0.022206562222828748 0 0 0.02031168523275105 0.02036355269240838 0.021569939283137912 0.020517682158295865 0.019046422220716147 0.02064609558559714 0.017905761949821394 0.01951484460704765 0.019106457122832404 0.022523088393510457 0.01835549425495911 0.022001592848125615 0.019526443474321357 0.020571312343314604 0.019018949061509097 0.023123604294569625 0.017411067024168336 0.02237881263969381 0.021039622710049218 0.019793765607213076 0.021612331350910216 0.021431990038927727 0.020794423506469987 0.02036282814144285
93 1209 0.022036240583698394 0 0 0.02013881241114393 0.020326006996088154 0.021359155060119733 0.020531338998016964 0.018877180804951953 0.02025807329437956 0.01777775793851086 0.019561316865297197 0.018917780891657097 0.022367234827357182 0.018058981790057202 0.021581807578992238 0.01938828141239723 0.020460507337885417 0.018818112322753613 0.023074364651038327 0.017040452139468497 0.022234015664577972 0.02088018305159329 0.019686237134069716 0.02149499647849328 0.021380530387226523 0.020627897838080785 0.020103271471873158
94 1222 0.02166583663742601 0 0 0.019793409051038685 0.020092907815148924 0.020862347441538427 0.020194988946047585 0.018541286419220978 0.019959993742377627 0.017493082925997553 0.01924994210563612 0.018612101313729045 0.021863974068407774 0.017742089308241032 0.021224450314291435 0.019081597168587358 0.020098112219867504 0.018379864301893582 0.022357222362322998 0.016725247929914054 0.021839596144686082 0.020610955588597126 0.019266538755902247 0.021202004695586835 0.021028721960775248 0.02021813627359936 0.019776674423800506
95 1235 0.02132685295113954 0 0 0.01940204775762165 0.01990158127154415 0.020567111618042158 0.019958894494219392 0.018175303801432525 0.019616021185562646 0.01711534343405521 0.018907914336829024 0.018248243720172693 0.02171450644357753 0.01747760023137564 0.02081943081584721 0.018726994651706328 0.01973326729910498 0.01797236066227627 0.021880354188221197 0.01646598378099156 0.02154744638438646 0.02037479024595095 0.018839473539647482 0.02096521078811875 0.020751413204171888 0.01988555691973099 0.019527414773366406
96 1248 0.02070251194648423 0 0 0.018914139167118864 0.01952682700391174 0.020060044868805228 0.019389302893214704 0.017653701757610062 0.018999304126915178 0.016546028191289218 0.018366898978883505 0.01772296548432444 0.020877841156291446 0.016998482757677666 0.020257206446727412 0.01808507913903233 0.019213839965883144 0.017382779036725214 0.021348690507213372 0.015883504508251014 0.02083919343600554 0.019744934858349064 0.018360188219042124 0.020329894893121512 0.020177625897562956 0.019278659680506884 0.01899157113707253
97 1261 0.02079958525321408 0 0 0.018824780883674477 0.020039408074185326 0.020207268609747874 0.019523024743725262 0.017714427394027097 0.019048777137697682 0.01663545583929914 0.0185300322763208 0.017795960169889574 0.02084172780360318 0.017008406320342572 0.020349687058764703 0.018110724459679272 0.019222592773408136 0.01747874877486751 0.02145270954372791 0.015913776612623966 0.020957060166242783 0.01985380827937514 0.018327311058859187 0.02033404416694007 0.020225535011794922 0.019486945549230698 0.019127977727368344
98 1274 0.020733116156561423 0 0 0.018840547400204247 0.02014582051523124 0.020131424024737454 0.01951270788558114 0.017618040495788842 0.018874620260200488 0.01661881889950912 0.01846389529153802 0.01759455208455363 0.020681827812509063 0.016949733957793204 0.020335153325928224 0.01799174710671429 0.01918477388431462 0.017432395241026553 0.021400183848617495 0.01586187583077854 0.02089420977880471 0.01977082389996959 0.018216097864614818 0.020216230683580545 0.020185590247887047 0.01934443903702104 0.019009193778293618
99 1287 0.02055382640959966 0 0 0.018706173190067267 0.020281466609126653 0.019876604526400696 0.019342938942090875 0.01745729818969807 0.018572975585742484 0.01644990160783584 0.018389467335574727 0.01733166713891748 0.020497242580979354 0.016732950913206285 0.019991529240135444 0.01779070576370558 0.01898344448364477 0.017221739061462377 0.02116860201761548 0.015605349260985505 0.02075499406304604 0.019580117547867495 0.018058747249165577 0.020010847619937933 0.020049486667281947 0.019155555789414587 0.018817600958214855
100 1300 0.02004589150505266 0 0 0.018131865985501334 0.019848949497254395 0.019239376721898432 0.018853904248504718 0.01706378005644724 0.01805987592905819 0.016003055952737013 0.017921745428295856 0.016898863710246154 0.019783062198004266 0.016254891924001823 0.019529382712939764 0.017257701277891186 0.01853219662926399 0.01677540041718041 0.020483940132715615 0.015217373591668746 0.02021942318803533 0.01908380395980633 0.017616692833525655 0.01951010413036654 0.01954486688605841 0.01840207457060406 0.018402176529043003
101 1313 0.019927407743990624 0 0 0.01810807565394125 0.020008575135762215 0.019047187829189204 0.018693544945499442 0.016980668717497635 0.017984624687305256 0.015827390957741324 0.017797865202391246 0.01666537546496484 0.019805859150176845 0.01607441520254112 0.01939511502929411 0.017075031639497886 0.01842307738352643 0.016501640514126784 0.02043392947079566 0.015071625736676537 0.020032848641055517 0.018936779533748165 0.017443572170228173 0.019520155340275725 0.019344426256525427 0.018290446600078756 0.018293285834240936
102 1326 0.0200808149016598 0 0 0.018356133055447796 0.020402398090447253 0.01913966465728324 0.018781948316139867 0.01712585259323292 0.018155275705884013 0.016044157725264855 0.01789085876193143 0.016690200346420738 0.019939730511526234 0.016096284967210647 0.0195133488613386 0.017212189452793812 0.018585030692653992 0.01661923868851329 0.020611606049437427 0.01514097161226935 0.02015911410445759 0.0191779886762142 0.017623909511660114 0.019663141395496287 0.019307253840831203 0.01831381098314665 0.018417850617245088
103 1339 0.019985816323383546 0 0 0.01843042241399866 0.02034557279496361 0.01903477196729785 0.018600793987338837 0.017019793781651433 0.017996522726334375 0.015968231032376903 0.017902019647203657 0.016593919612484555 0.019898722298811466 0.01592736047767153 0.019478061767812586 0.01702207457468128 0.018502841234685808 0.01641268564772609 0.0206692836588614 0.015090045691037945 0.020008227179960675 0.019129571681003876 0.01753073952452356 0.019623065168689023 0.01905941656626995 0.01816557519486383 0.018252895166857602
104 1352 0.019798137750880945 0 0 0.018236632858944522 0.020275981841696742 0.018809478654201465 0.01843155064539972 0.016861267359495762 0.017810063525259476 0.015817218631870984 0.017611603733396645 0.01632313007633595 0.01976127890114451 0.01576861721753515 0.019333389435540367 0.016854498776219255 0.018205349675274846 0.0162846894081073 0.020397235539904898 0.01487662591998135 0.019767771018930957 0.01893854831770363 0.017291070977546175 0.01943996555486678 0.01887412757012628 0.017966226055732382 0.018108970982805388
105 1365 0.018868345290678865 0 0 0.017353663375043044 0.01932194524518933 0.017952044380308823 0.017502047026996526 0.01602981634804643 0.0168965981481665 0.015080876215345488 0.01683753772472491 0.015490299721795784 0.018932340804388607 0.014940508341006064 0.018372134005914354 0.016031670795363374 0.017345888414596146 0.015610781952347786 0.019458006758492928 0.014132888466515546 0.01901846074014378 0.017990267821034103 0.016480510891374707 0.018533394734363474 0.01792243511683441 0.016998666008399214 0.017236134413223445
106 1378 0.018444702723536828 0 0 0.01713353279762588 0.018903169097155764 0.017418472164235276 0.017006428864322295 0.015671453235955517 0.01658314561280902 0.014775936260066097 0.016474116801977107 0.014985794332280401 0.01871823029376322 0.014605591274480594 0.01791810314321235 0.01563733024706458 0.017022073559977282 0.015204370515736223 0.019136224083676337 0.01374349524555856 0.018596238620800582 0.01750808028153928 0.016106917810789916 0.018160329792390267 0.017326270882704376 0.016613129248389584 0.016891254253383482
107 1391 0.018097072017829834 0 0 0.016985809377729148 0.01855846917505835 0.01708472671614859 0.016687110658308527 0.015313168452085035 0.01634529501844167 0.01444685116010712 0.01613097532914045 0.014628425072607563 0.01839375689759212 0.0143411228830118 0.01743107655808351 0.0152782056689505 0.016637756900598984 0.014851398666372041 0.018835180928777107 0.013462838744819117 0.018109795687403816 0.017208978912807375 0.015800139576265214 0.01767745817502754 0.017065926552502827 0.01635807441035731 0.016540338038149062
108 1404 0.01763506621589515 0 0 0.016567543861050377 0.018191306786779264 0.016699743463940184 0.01623458281785384 0.014913876937628792 0.015979623136472346 0.014121115484797202 0.015633290077982153 0.014246124106191567 0.018134008178512247 0.013856726096002405 0.016983086387675643 0.014786726572723157 0.01601604533420956 0.014434536715818945 0.018441522442578108 0.013067750769464054 0.01768593426506487 0.016767399428868537 0.015393551899714078 0.017145552487594973 0.01659609222766352 0.015875778937557074 0.016023696791147696
109 1417 0.01674506804130251 0 0 0.01569295406791491 0.01725693212877882 0.015840316424800983 0.01533933823820236 0.014023848573317675 0.0152258030902668 0.013401074310296504 0.014866049686245325 0.013484776861557071 0.01725712522817258 0.013153219818771492 0.01611652227933806 0.01397363864394717 0.015012101340926239 0.01372620532534516 0.017511622979263154 0.012439618609289712 0.016675415691656828 0.016034513323068295 0.01457806126587446 0.01625835738224987 0.015765248054210743 0.015031686891857568 0.015207889349586959
110 1430 0.01572920522219754 0 0 0.014722933437974626 0.016215404461440822 0.014830593039959216 0.014421623834610786 0.013121496407144934 0.014256016411306695 0.01252914833953815 0.013992217407350592 0.012609731841709312 0.016213353457160296 0.012385874124306603 0.015137023809057666 0.013049970885429949 0.014103603215042332 0.012784925969223522 0.016426843580337934 0.011646606036205974 0.01565330437654321 0.01505782195680912 0.01367321460635692 0.015279645396422225 0.014861836244553027 0.014050001326145428 0.014470964600076259
111 1443 0.014798146591282535 0 0 0.01388960193834817 0.015196397599660858 0.013858363428796441 0.013534066889929544 0.0122267378966153 0.013395397868650046 0.011698896506037098 0.01320659471326545 0.011851769598956683 0.015282661031267217 0.011624158276622623 0.014148466165431278 0.012233526726168325 0.01304164284542208 0.012004070352158907 0.015395510594090193 0.010943396139335993 0.014749268932679105 0.014134562750492324 0.012854975962294495 0.01438646757178508 0.013972006110594385 0.013172227303171679 0.013508736830372884
112 1456 0.014390818958874235 0 0 0.0135028030258198 0.01481593531592588 0.01348617315029363 0.013080240978804537 0.011911057777111848 0.013084917834200035 0.011341074034020163 0.012861461727729269 0.01151767002114595 0.014838144729390188 0.01129891415137536 0.013729621707978562 0.011972219292232265 0.012640832598035254 0.011660779770871151 0.015046718127907503 0.01062904010308748 0.014371366651526973 0.013732683532258936 0.012561303433468361 0.013779604453429291 0.013607516981985377 0.012822881382563562 0.013065444552331709
113 1469 0.014211755730026811 0 0 0.013401552759301574 0.01463258957979039 0.01334525763388411 0.012944965265748088 0.011717149818058558 0.012786356816819515 0.011208271032101768 0.012699392445381309 0.011251981548075236 0.014645494592043182 0.011124868878603573 0.013561019022602894 0.011816346935804824 0.012454227599484679 0.011572772473499481 0.014886084379462235 0.010495994009270832 0.014139371360917504 0.013504963191487132 0.012414417209717494 0.013559507971952952 0.01356959052423075 0.012680049178703 0.012907011478511456
114 1482 0.014349367442329947 0 0 0.01342489008183046 0.014841950046223221 0.013346082264948525 0.013092234270174797 0.011821679582652875 0.012928292533618706 0.011339740530310135 0.01275571456616534 0.01127563595242116 0.014744545589298773 0.01120237292756542 0.01365242911144254 0.01188177553117915 0.012565667665023402 0.011760422328816298 0.015039824479607833 0.010651386251166633 0.014246447300645589 0.013512581505047437 0.012541763332248386 0.013648747719290522 0.013713182900908305 0.012886044018947503 0.013048396602460524
115 1495 0.01403930160343158 0 0 0.013195889315519942 0.014516162274532967 0.01298111248306151 0.01279428322096128 0.011513340734433462 0.012658816719586997 0.011119405125229818 0.012500255507095178 0.010989854663300729 0.014416403176312665 0.010973102322418327 0.013299589352839656 0.011618983284739265 0.012247200659590793 0.011437693434810747 0.014736785029705584 0.010469992040807626 0.013859710529185084 0.013178078049546646 0.012195707199489139 0.013371864891757465 0.013414001668806392 0.012556672515403714 0.012832034794418006
116 1508 0.013781065905384738 0 0 0.01292497742877054 0.014188221936267249 0.012697326919947004 0.012521283441230477 0.011282209466679823 0.012389628724548667 0.010894518567221517 0.012201207824693937 0.010802597861544604 0.014156884558967535 0.010748800555974294 0.013212670810205262 0.011393933902581735 0.011946532434041797 0.011191152134271465 0.014533224610935057 0.010332639931826574 0.013585840298277758 0.012944512220683543 0.011996140138361533 0.013049860337088518 0.01317727969832397 0.012296616049460835 0.01260303887375894
117 1521 0.013578219464343629 0 0 0.012766468691667298 0.013861175247700471 0.01262917140595303 0.012310215142131816 0.011185387177381781 0.012168634269254396 0.010695985106887226 0.011977986585574663 0.010606206947487075 0.013890006128373314 0.010570716621207999 0.013035233024431407 0.011227759678795197 0.011742355964180882 0.011014324373460053 0.014330392025877003 0.010186996720207567 0.013386171553902435 0.012735920826052816 0.011766603053570749 0.012821252568841595 0.013072061700853657 0.01208333337526513 0.01230639957081987
118 1534 0.013357712285005232 0 0 0.012713653055265273 0.013661487532296514 0.012428685405749306 0.01218847854935913 0.010973986947075442 0.011992679678594383 0.010445439921725506 0.011794120062347552 0.010434518665897731 0.013668747564251127 0.010382893799162721 0.012847853016958389 0.010979242273496411 0.011555488630143874 0.010806786653637301 0.014113589299144809 0.00996884258337785 0.013196693542585805 0.012471645020155112 0.011567444545111842 0.012564678583088986 0.012882569255639189 0.011883128274045713 0.01212013636533221
119 1547 0.012664643746448219 0 0 0.012084963474417893 0.01299814450215272 0.011722586580003632 0.011557476221466644 0.010353253421823276 0.01136393873963553 0.009813204439321965 0.011176717795126918 0.009954028906267358 0.012955800834902493 0.00979890850058463 0.012115065730603955 0.010321658822508753 0.010947870923249229 0.010273145901747065 0.013382303612807985 0.009467601075217305 0.012548316020481844 0.011774300394114383 0.010919984218992202 0.011859138240611059 0.012156089459128301 0.011247052855738624 0.011458577413701343
120 1560 0.012167010748608329 0 0 0.01165202869542211 0.012504307822011132 0.01117533639095404 0.01109957977774455 0.009868332168742033 0.010904465373258829 0.009394195589257824 0.010678877559412889 0.00954412683003164 0.012456864950482087 0.009317524912921496 0.011666437840633363 0.009857716504547104 0.010491299175591828 0.009853973119394486 0.012950937107845924 0.009084036015478063 0.012050609129713726 0.011279669777364705 0.010503884656141183 0.011357858279461378 0.011681810761234262 0.010818943765819627 0.010999833593475922
120 1560 0.012167010748608329 0 0 0.01165202869542211 0.012504307822011132 0.01117533639095404 0.01109957977774455 0.009868332168742033 0.010904465373258829 0.009394195589257824 0.010678877559412889 0.00954412683003164 0.012456864950482087 0.009317524912921496 0.011666437840633363 0.009857716504547104 0.010491299175591828 0.009853973119394486 0.012950937107845924 0.009084036015478063 0.012050609129713726 0.011279669777364705 0.010503884656141183 0.011357858279461378 0.011681810761234262 0.010818943765819627 0.010999833593475922
