% # columns="iteration, evaluation, void, void, void, xmean", seed=482608, Mon Oct 13 21:19:36 2025, <python>{}</python> # scaling_of_variables: 1, typical_x: 0
1 13 0 0 0 0.4723978494585784 -0.4357789954806859 0.39035675523754615 0.377096577651545 0.5450381999297546 -0.32970285626626367 0.4790145847854942 0.2346215486309129 0.8370144667319043 -0.09269392938651907 0.6090891459824009 0.320538808680308 0.4541721165243232 -0.5254481429058117 0.6503410533080263 0.17641294606730062 0.6842370672350819 0.5257906238695707 0.8931476865120301 -0.372331597342367 0.9778859744982846 0.061081325718106066 0.6490997724044836 0.32491492263679106
2 26 0 0 0 0.4295191852596907 -0.47786018343028935 0.43737084314957136 0.3925079163654971 0.440467188022583 -0.256640449038679 0.41679089114037715 0.19729841823474478 0.7939827317123778 -0.14632638632732659 0.6087880052166957 0.2866539129995689 0.5277461909323439 -0.4179508870979985 0.5622561196365904 0.025579502573486047 0.8120134272880328 0.5386103523777412 1.0378609968099783 -0.31982255334407883 0.9635530035029208 -0.001286397970061008 0.53029377660209 0.2867440989140416
3 39 0 0 0 0.3432458644684445 -0.38838389286493386 0.3085245150025621 0.17664353801218624 0.2794303783159646 -0.14545227156848017 0.39873331457196765 0.2742348354276065 0.6223531503789808 -0.1642065794333343 0.6329877973645982 0.2901764211835876 0.4600732670063275 -0.445253829901926 0.5177058545169412 -0.08709833751721986 0.6720563631304265 0.47629409781643245 1.0339699436665635 -0.3040656328576717 1.0603936616454985 0.06399298506583014 0.3451569545092074 0.338318498271766
4 52 0 0 0 0.4734678123089486 -0.35057579808148526 0.34603234980179026 0.1212264109610079 0.47020043500084385 0.06626878537538305 0.45471661822483245 0.05921732673893654 0.7057192157732931 -0.08706521194384793 0.7137251409608452 0.32452060630067603 0.6111368663818005 -0.276349432738693 0.503951774002255 0.022934339834354216 0.5860577223915134 0.4422707680315091 0.9978402396518934 -0.2772301886876871 1.0189229076783786 0.1532450056655925 0.36598166777785174 0.3674152595380279
5 65 0 0 0 0.606662313052118 -0.40499439038654744 0.4791363471185725 0.2624901241625444 0.6129425930801675 0.10845360125508058 0.528188203798691 0.24788121848913036 0.9147507080691281 -0.13081881553763966 0.6608960519936586 0.32488461505252547 0.5661463652587374 -0.16580579845628649 0.40993006250798897 -0.10448195624569656 0.5730722645232258 0.454193316852491 0.9770433552516148 -0.2674625159782962 0.9149321795704863 0.0889878917403705 0.34671701482826844 0.2936048876824704
6 78 0 0 0 0.608859018964752 -0.40723548037388996 0.4682583372195432 0.22385567493620517 0.584117864081304 -0.009122189439668638 0.5261760865712066 0.2744108522382391 0.857783409587145 -0.20653897885803238 0.7653992505966343 0.2570728005666212 0.5026467700774512 -0.3076419853282923 0.5193400158992977 -0.057904911291721234 0.45382506241304627 0.2796121210272924 0.7849457648578502 -0.22272430812641675 0.8856975420095051 0.22951134430452672 0.2215454822920312 0.22394546573820276
7 91 0 0 0 0.6505908430234191 -0.32559970717796466 0.4808095986703781 0.1738705099355302 0.65924894947699 -0.14087987932268903 0.6431964730913042 0.37457056512122566 0.933761904153281 -0.33188851150749005 0.7800893302443992 0.27700777757716316 0.6591272772818221 -0.19415102513194418 0.6063051693327286 -0.08344858933784687 0.42963053720550837 0.19789685390681594 0.7945482824692663 -0.2782758976137543 0.8229507676759402 0.25217111949755866 0.2836135005939694 0.26381384742367553
8 104 0 0 0 0.5718145073657755 -0.2895690458469398 0.6895163040193971 0.17904559792414526 0.7335889461103356 -0.17395326914673373 0.6522876638727858 0.25783242030495684 0.9061502893064064 -0.3507715547041437 0.7691227264426435 0.18870978215187703 0.7769938140631701 -0.27141775807318125 0.6094881610057115 -0.08690500788830462 0.2579497878439671 0.17044276978318096 0.7059507519581197 -0.2893678594173822 0.7362868096672546 0.17981923918154485 0.49608568825857413 0.29873311846629363
9 117 0 0 0 0.5454809789960655 -0.2528144531409491 0.5677203303132277 0.12270266874768741 0.7964645412623461 -0.15203258273489054 0.5841491965455872 0.2886463629553139 0.9142899139351071 -0.19733100351255534 0.8441292656541792 0.13911072335297914 0.6734730022432718 -0.24696969060660068 0.6191083581648177 -0.028510661290443818 0.3454934091007286 0.12094705761029098 0.6580412041697057 -0.22377137451451684 0.7397902476117972 0.22655608862057464 0.6031725358528205 0.31414360347897735
10 130 0 0 0 0.6149274321996108 -0.21143293613824354 0.6649274732427864 0.18384780759799266 0.7214220859192774 -0.09629352951468154 0.6427304502948479 0.24694673373779213 0.8473272825202814 -0.20060733058183394 0.7823130581757004 0.1898674109530779 0.6220671200059322 -0.32398810833333896 0.7006852235616864 0.0719196977814646 0.3181151448993256 -0.01866692728970219 0.4960275300018684 -0.26764844403373367 0.7042518722809716 0.2824648686171284 0.6368733341569 0.2664664299161181
11 143 0 0 0 0.6701154437126733 -0.1998823482353387 0.8365056317633156 0.19785997830158472 0.6766749013648365 -0.036812032464902576 0.7647573288464168 0.03162305925118554 0.8858992093518149 -0.10567401908592117 0.6768828357734947 0.2815331796884853 0.6567620793328516 -0.39225257763516297 0.554545879194214 0.033922648913520745 0.45186503535494515 0.03294701741321509 0.4810501439154227 -0.2704793098900917 0.675081092960204 0.24640109721282025 0.6938986023441739 0.2383973876319241
12 156 0 0 0 0.6572264543519161 -0.3916830865761116 0.7882632894918851 0.15386151659914565 0.6922448773323242 -0.18029349095821603 0.7208128655977009 0.09049338186045744 0.893153767242016 -0.09257926724272116 0.6813491948599526 0.3754861580116756 0.7117305102613968 -0.3218363011868428 0.6263106066516702 0.10994689050614802 0.39803723976011873 0.22896583051095615 0.5213453873678986 -0.3616523931852645 0.6335646055522751 0.21729929706770737 0.7915132939555208 0.335321341699138
13 169 0 0 0 0.6473548593048511 -0.4841283492369906 0.9596131848184627 0.23528794824311397 0.6406083966928959 -0.13456414787167495 0.7967932000959578 0.035444036490873285 0.8566868076977588 -0.003975816562330679 0.6877846835468151 0.3342265096859865 0.8079687440792201 -0.2967928185698623 0.6531476673511052 0.030509448902068907 0.38530510272642177 0.28402639977628624 0.5560493859781346 -0.3572356949652491 0.4973414154791343 0.09374251061115035 0.8422550090906504 0.3105153358487592
14 182 0 0 0 0.6644392027561874 -0.4247173017213553 1.0204851251493519 0.31806404424560425 0.7398850030954266 -0.13714950954802646 0.8442394475633621 0.1689676276442473 0.8532389980124181 0.14166550548919138 0.7239539616146656 0.4200799534635258 0.7607785603091726 -0.1791129972531712 0.6441371562525464 0.1772022231159277 0.46182215675461763 0.16143121324133555 0.5573694023091224 -0.3869734494307935 0.3552319452062328 -0.01656359429189927 0.9854278059682918 0.29670049845924273
15 195 0 0 0 0.742976965863996 -0.3424350977514573 0.8811073844970251 0.3515192732476589 0.6019526917898216 -0.12201581720954727 0.8293750186780463 0.005900400564489393 0.9380432684090225 0.15817712661615435 0.7446006945721586 0.4503430237132484 0.741143052020779 -0.16899326248373156 0.6859658580974098 0.08922426269544806 0.48875952201693984 0.13008499309341842 0.625311919663876 -0.3841670674621525 0.44276050062613653 -0.12656328080896667 0.8555127416747654 0.28992517644893145
16 208 0 0 0 0.7118630668689795 -0.4811339456033633 0.7073394972190318 0.40024816164990595 0.605943250369472 -0.21518093069602376 0.7901985605711502 0.13200392945302986 0.906664600019482 -0.00496664665266797 0.8260472645369841 0.4868302505015184 0.7028999560714998 -0.24371274770869616 0.6112661571698212 -0.0762911304222988 0.5914859340227225 0.20877571071401668 0.634890498957406 -0.15428019135288287 0.5131093188191548 -0.1409277175574094 0.8535378669587571 0.3044901407336397
17 221 0 0 0 0.7055796116756032 -0.5075008656719541 0.7357289166476967 0.43288107851620394 0.6542230198681995 -0.09906349364310285 0.76344031090817 0.1914347792857612 0.8580611801956156 0.059084414105086275 0.8135963851686311 0.38583759281828944 0.7000101705299682 -0.14756302959939965 0.5690213980153214 6.349709770239222e-05 0.6275972671070481 0.20938208784263557 0.7995123441176312 -0.27614580359830676 0.5738256835265884 -0.16015806892103246 0.9006783741416822 0.3581801337186175
18 234 0 0 0 0.6618809346301361 -0.5474331332080026 0.6434837886195244 0.39193131197088404 0.6828077331766198 -0.12076285741233152 0.714844018733388 0.2853398943797942 0.8028219672774358 -0.1383843462419957 0.8093323422377161 0.31963650548251155 0.7612739901545462 -0.16442072236059155 0.5909352544156559 -0.022466102751556694 0.6849680246078138 0.27203988813986413 0.8520961818606823 -0.3378642220380247 0.6108746953883833 -0.09398999044645666 0.8525653729810659 0.2888517609727616
19 247 0 0 0 0.6487700650092584 -0.4358801952433009 0.546835547451212 0.38461920091909624 0.6794564918128376 -0.05818267452349756 0.6170737242997351 0.215695484196799 0.7483423224942857 -0.21263594606957642 0.714308791918443 0.31364482375759384 0.7003396846149434 -0.20647514697606087 0.6251061056410206 -0.08999652059430681 0.7479555303907531 0.21002972943610151 0.8298920009238073 -0.2967087905656868 0.6048681209099692 -0.05922702024837437 0.8042009301835135 0.34398904153820836
20 260 0 0 0 0.6027187412823841 -0.3330028028325653 0.5931681015706156 0.37651408502527883 0.6280653188656694 -0.14586384510483927 0.6729831886285392 0.16602651287847658 0.7299039393125838 -0.21125865291803192 0.7762010666873251 0.41965508680038005 0.6449755004689073 -0.14699105821397762 0.5822848246728689 -0.11527558475257302 0.9255492364249109 0.10772534993904526 0.8850064913176304 -0.2773163938619929 0.6045618473102861 -0.03495251219030472 0.6816907801628977 0.2855948980525986
21 273 0 0 0 0.527591027307298 -0.31685440652374103 0.6154579400452713 0.3085738011933268 0.5887380859435468 -0.1812142693618435 0.6983655530567682 0.31183460542247105 0.771344059229718 -0.21460856535599895 0.8194406415600445 0.3464551815844784 0.6596832218140316 -0.3290231415990428 0.5836389695120398 -0.1988356726314294 0.9907806808796155 0.11776876313086765 0.9010123381737555 -0.26663177203920013 0.6038813508910692 0.011166823544058933 0.645909402511942 0.20736932741708705
22 286 0 0 0 0.5739206290127 -0.3976363558508447 0.6490291230010629 0.296677684361318 0.6664305120495401 -0.23068831195090367 0.6579912138905418 0.34024456413030735 0.7169411648790419 -0.21754740691458477 0.7946859590846892 0.40771222860765294 0.585544051971739 -0.27417620578280966 0.6610401536021929 -0.11552488230922592 0.910901202446343 0.21287982971396952 0.8130442396918443 -0.2061905768130441 0.5442009457430897 -0.007428941635538298 0.5620941097663024 0.15761751759550785
23 299 0 0 0 0.5501497833093917 -0.3996177503197921 0.6307605140010204 0.27741866819063155 0.6867014677355385 -0.2376688897749811 0.6738783747518631 0.32720609930017946 0.8344805566324713 -0.18232982545145526 0.8477445701341165 0.3349159597817762 0.5682027899219491 -0.31725388664417553 0.5898798021930527 -0.203483387421154 0.860879118293433 0.2286421714481655 0.8315576959315504 -0.1946726667379246 0.6348870954780307 0.03948608951287601 0.5950295745725078 0.19294133272196468
24 312 0 0 0 0.6314767052712331 -0.37809019027522406 0.6719701897249725 0.2889672671946852 0.7494274192221222 -0.26696697847172385 0.6963793479795953 0.3817164990423322 0.8597347411715358 -0.22072082263150303 0.8793882843694166 0.23072602307600437 0.711739932769322 -0.36725334679510035 0.614903144285788 -0.11443051130020089 0.890098399064639 0.223818487325229 0.783399174333078 -0.3079854783062951 0.6179809666359587 -0.001294795981912808 0.6187171979386166 0.2121113766218274
25 325 0 0 0 0.5893551116441388 -0.3927702145027425 0.7041066840991818 0.2506065393752545 0.8830818561538857 -0.30004960272754866 0.7849390449741313 0.46037299367723933 0.9026765854705097 -0.1906045956354623 0.9574899905693975 0.20977122850900837 0.751656320201885 -0.38200540438150504 0.6234961169103905 -0.16651683728381345 0.8510611298930795 0.212247994128104 0.7994318422551494 -0.27303670268451125 0.6272568146553866 0.03563113564861433 0.676626757460258 0.23454427397436986
26 338 0 0 0 0.6339434813065636 -0.41160682225853806 0.7193498070660634 0.2637968136375862 0.824417564004027 -0.24935600704892064 0.7341173859527876 0.41481013894287344 0.8718801044532417 -0.11179001595731752 0.9213047736419834 0.3178731609815339 0.8519578127707935 -0.39809710298977 0.7018186356589026 -0.21498217286598206 0.7706920615517512 0.15740177993137544 0.855040279066832 -0.345718330664041 0.7959692774427704 0.0584748329997765 0.749446368263889 0.2481081822080527
27 351 0 0 0 0.6019531490716934 -0.4218239957811881 0.6556418172321306 0.28937450093808553 0.8108589873128366 -0.24876276951908774 0.7369596643284935 0.4073550525405573 0.8743881589883733 -0.15701907550507638 0.8195329707275902 0.3768848721824356 0.8662170473365225 -0.36431858158361285 0.7265377775905348 -0.24993531275015027 0.7712794701575288 0.24215138275040285 0.835953870405846 -0.34816814948595437 0.8531846320659451 0.03708914194769235 0.7721123944276584 0.25213807523204645
28 364 0 0 0 0.6214101960431758 -0.3964620170493053 0.674620769210534 0.35833006455279337 0.8084013509097919 -0.1639913030100276 0.7123364411571066 0.437718725233385 0.8314534102898516 -0.14993400891461447 0.7476157999002258 0.39102989993561205 0.8375899640518459 -0.34264274203328915 0.7188739704723301 -0.26556374660279664 0.754435266739243 0.2708885938757265 0.7830960189595472 -0.33389797334787924 0.8700241259887871 0.03636962146999778 0.7835512974297549 0.18374715417239007
29 377 0 0 0 0.5591371245896485 -0.3155265784354456 0.6259159136073378 0.4185844664735837 0.7086531009698787 -0.1552619910665982 0.688927680796942 0.45195334640170115 0.7976589711311891 -0.08534526753535977 0.7656572855553357 0.4392974664304812 0.8791769163443609 -0.3483667024161487 0.7265230295621885 -0.313625994208989 0.7216529244606428 0.26534150909076476 0.7364373168481563 -0.3548759684954943 0.7486072926860714 -0.04018698127601188 0.7841512966603202 0.17814201304834504
30 390 0 0 0 0.545756208503551 -0.34930854223826174 0.6083147602424851 0.40841604610417814 0.6613961625158229 -0.152764725992565 0.6891052154555312 0.4265279158510767 0.7630114861336668 -0.05725968684188438 0.7691024945740044 0.3911332750135447 0.7465512808820721 -0.30245630055345496 0.7233095277713482 -0.2473219316077253 0.6987494984122273 0.2329544251493133 0.780315265043727 -0.3601030793085978 0.7176194168784373 -0.13021211217733902 0.7309052489705973 0.16711633589313338
31 403 0 0 0 0.5147357875007282 -0.4037878345872443 0.646898848910042 0.49533202744826094 0.7110297449687523 -0.1507698606570304 0.7238580554357812 0.49913989455696506 0.74405419801944 -0.01743971421329534 0.7649698086339917 0.4090907546933464 0.6789696336496135 -0.3162696241752057 0.7791371132770815 -0.33521555490061306 0.713569830331644 0.25678151064580584 0.7389537085010068 -0.39138794152964507 0.6897643316844685 -0.11917485640741157 0.8049185359780595 0.16643143481554235
32 416 0 0 0 0.5383084590209477 -0.39587156636437976 0.5946511661386716 0.45093966661795204 0.7313295628406293 -0.18251855078227283 0.727649002248916 0.5607652766422052 0.8144232189639679 -0.025180356210132298 0.7772874253886967 0.39583407203684734 0.6644236103504887 -0.3167946021731026 0.7359981577856977 -0.2677213556036444 0.7550683206875279 0.21938149133189644 0.7726886908419058 -0.33410446474126815 0.6816647635242233 -0.16866892968773622 0.7636340417960092 0.20485432191606173
33 429 0 0 0 0.5787270864956995 -0.3356934285571557 0.6626611455323442 0.4804378243406592 0.7581549639655034 -0.19343048156804732 0.7865969981884267 0.5342742731517894 0.7572922148949541 0.0038937853693305534 0.7989715931902768 0.3936903092915222 0.7119199780285794 -0.3506144686441576 0.7759833496728417 -0.26222996060334164 0.75738945536462 0.22679792231207055 0.781058315302492 -0.37238739695143747 0.6547790747286601 -0.18801992324588557 0.813649310217714 0.29064200518257816
34 442 0 0 0 0.6369187609178024 -0.32145901888956707 0.6757075889846286 0.4285153952786619 0.7343801110846008 -0.2562937184543248 0.7648916874082464 0.539207772696131 0.7317770363164177 0.021424643101141304 0.8011481016040383 0.35918570164588515 0.7552487538792874 -0.3705191321791617 0.7330309325990575 -0.19795825401381323 0.7909040191135214 0.18981736824167345 0.7858772397565285 -0.41168660418100295 0.7057259793907985 -0.19516598408256047 0.8431986085668385 0.338842658304259
35 455 0 0 0 0.669839693534296 -0.3605742690898353 0.611842938035699 0.412516098278086 0.7556453638129805 -0.24456245423036022 0.7602885359102178 0.5093295517887904 0.7652072008399204 0.0256039954469838 0.8005233825479496 0.3564435705789937 0.7174606646496102 -0.40777175981401836 0.7555462205850961 -0.18018105410059715 0.787623233647003 0.1361862583289319 0.7405109889388516 -0.4280417285469905 0.7500017128733554 -0.07593071235886896 0.8622962024442691 0.28048974980533725
36 468 0 0 0 0.6138146492746626 -0.43165806353784075 0.6095930043645619 0.4417305836621871 0.7968881878014406 -0.20995552817187507 0.766594065826923 0.5453542462086092 0.7285064080727213 0.012560830036787086 0.7608714851642231 0.4373272123158669 0.7313289999676291 -0.38219499283356106 0.7713453648186511 -0.19225079887466914 0.7917076320034016 0.2746549063935051 0.660802740409952 -0.42729199738569296 0.743810711814569 -0.09307582245339577 0.840322546644341 0.28115030594796836
37 481 0 0 0 0.6602881378992238 -0.4454394879963452 0.6858751717439043 0.3962658510093189 0.838139500683462 -0.19248482487912077 0.7841759055280582 0.4928227853788715 0.8059073044168904 0.07149071955364608 0.7394428637871701 0.4544993644036066 0.7573037915997518 -0.42861190839510366 0.7517492936278853 -0.17295820499718637 0.7515651962393444 0.2842183149762694 0.5857598784640625 -0.44200797402657716 0.7481681837865982 -0.04611197007561923 0.8630860199028279 0.34064977261350954
38 494 0 0 0 0.728033625380424 -0.42799229029170505 0.7364789322629985 0.4440245514387199 0.8343220223834665 -0.11713313170860487 0.7629951446555482 0.4432461493070472 0.8088761405048086 0.09146448834304474 0.7416016298651262 0.39222132898687045 0.7195406663004944 -0.40292844406792355 0.7833275852215912 -0.15815000487401812 0.7935535187715075 0.3035047017942763 0.5876446772600956 -0.3942409460923558 0.7759132106398958 -0.07677828042122348 0.8749015996676252 0.32495363533037386
39 507 0 0 0 0.674453316702986 -0.47000465378281725 0.6840813445129329 0.4567748889763652 0.7804865495916831 -0.17372207919714158 0.7830784103060369 0.509948536576297 0.7518290419508847 0.08930503813221843 0.7371247028662413 0.39315239979833394 0.7653390320588516 -0.38977980595305683 0.7268819733679314 -0.18556267903711818 0.7598602363595791 0.30012084552745594 0.6377669622696882 -0.38385522334591965 0.7933916778584671 -0.0689847088127244 0.8646292575965475 0.3327470439299716
40 520 0 0 0 0.6546641184851191 -0.46475391830220636 0.7328428094855057 0.49769875568027233 0.810206829709158 -0.14039922501289462 0.7884697702722573 0.5540745279952349 0.6871154861925709 0.10724375632591991 0.7348337588098102 0.42422104070123745 0.8013260227648688 -0.4072791944184239 0.7505872829833696 -0.18334919925889348 0.7383370504710958 0.35494216498996883 0.632656753880766 -0.38033777758225024 0.7671111902236444 -0.0856509064629669 0.9110729302911839 0.3163534807372597
41 533 0 0 0 0.6471786595729198 -0.4762214865463819 0.6781557044888686 0.521148979828512 0.7953488006737343 -0.15308732793135724 0.7377613713196848 0.5778252591002688 0.6458424193794344 0.0925400266503536 0.726826596777812 0.3937287313597275 0.836028352895637 -0.39773156447272473 0.7922531364667402 -0.227163531096219 0.7431816603604016 0.3847568176498934 0.6352794869700712 -0.40005255579117993 0.8206550554948512 -0.12493618212141688 0.934983947185871 0.32085401909530525
42 546 0 0 0 0.6209439850184402 -0.41844925601914196 0.6655491418432363 0.48952456946032197 0.793292942060905 -0.14139808555929545 0.7673857122988982 0.5824897357362084 0.6806518540690768 0.047227870601632166 0.7473692167880294 0.42966025340253067 0.7766092847195617 -0.4086037677472853 0.7873292250570136 -0.18199344153956215 0.7603947741101921 0.43059512273464934 0.6806921960113568 -0.39901612756685934 0.8276349482462636 -0.09054222871678849 0.9146673806742994 0.3100159770692488
43 559 0 0 0 0.605880451400663 -0.4163530890075837 0.6461258533818388 0.5243942012414132 0.7801832574836873 -0.10103948163753752 0.7659772762589658 0.553218394447557 0.7318165886698753 0.0355414143305192 0.712382406998946 0.40491351456093416 0.7515931766529997 -0.36549629507057063 0.8198137496986432 -0.17939475491813545 0.7950478704880414 0.43545910108248986 0.6577418620249943 -0.3912454070936605 0.7544867818961632 -0.10845535556824856 0.9332105806229725 0.303251723266423
44 572 0 0 0 0.5718235117095413 -0.44820860158791986 0.6577384899222439 0.4937041143067064 0.7603606567556587 -0.1271424060032421 0.7527384742903371 0.5626071935456745 0.7172163116958971 0.08032457175773668 0.7511127079967311 0.4304152382914408 0.7638483479842244 -0.37851033161285685 0.8046812418515523 -0.18531748757410532 0.7798386533382243 0.3920722281975576 0.7074758153433724 -0.41728861947523077 0.7185406906295531 -0.08508662905167413 0.914598338066375 0.28388958739349446
45 585 0 0 0 0.578138567823058 -0.4628581901062022 0.7026733590491332 0.47367953943305535 0.7805808628361409 -0.1163933310463957 0.7902990683948907 0.5623450288014268 0.7066562901968332 0.04977272819560176 0.7596069187974582 0.4230755744026557 0.7702658745123491 -0.418321961829319 0.7819409466480697 -0.18886255626882947 0.7538612758073795 0.34323575381842114 0.6643725420553268 -0.43810133939777673 0.7288271189362131 -0.07241695750089869 0.9438022413853709 0.35390449583047184
46 598 0 0 0 0.5942563618195261 -0.4554273832210214 0.7008688595701763 0.475444783138863 0.8001827442568542 -0.12470430375160754 0.7823939441183922 0.5353603158180468 0.6886891125606396 0.03609437755136458 0.7219032232207312 0.44973093913455353 0.7781715229034537 -0.41178681968457254 0.7797826759637339 -0.20005753949215424 0.7257496743124796 0.3569657773022547 0.6770973650156121 -0.4693455430504504 0.7433708200130716 -0.04113373473932165 0.9227797454842899 0.3109709879778692
47 611 0 0 0 0.6069255602828488 -0.4224289944857951 0.6569110466812883 0.5127265166458536 0.7828237362281837 -0.10698922525375083 0.7753507205241935 0.5353179982020877 0.7004693664628869 0.03662717140728707 0.7327988144968044 0.42656614837893414 0.7456211788143007 -0.4242708407914124 0.7867163313652685 -0.1808442985860154 0.7150181405448187 0.3572416824360114 0.6896314784602944 -0.4346525626978695 0.7578887343967615 -0.04712219016194143 0.8910111908378353 0.37686434197538443
48 624 0 0 0 0.58894587347648 -0.4203415412057253 0.6559160606174714 0.47995306071033444 0.8139239098178654 -0.114991644461871 0.7882193654294216 0.5496906209686887 0.7152162082898189 0.04190343429332077 0.7169870010426111 0.43509471824959883 0.7269212445650608 -0.4325769484146911 0.771217218096947 -0.15096483841538222 0.7164693873866522 0.38046237520852133 0.6556957190550017 -0.43361515902172443 0.7399712583478345 -0.0038759249356329515 0.9424423791934199 0.3815952893601482
49 637 0 0 0 0.590264311959358 -0.43528242890246094 0.6280527145863468 0.47795354146692726 0.7955403942254548 -0.09971601183542501 0.7755193083603853 0.5510687103537943 0.7301419467089609 -0.004705420982662806 0.7433389008111533 0.42576357988029484 0.7298269262189198 -0.41527480361513563 0.7864351128505637 -0.1504666018349616 0.7153551444952497 0.38366481430641053 0.6434584404153845 -0.4172932850911962 0.7500649169536273 -0.01877360968839728 0.9192437958542352 0.3657046290768108
50 650 0 0 0 0.5898838142269948 -0.4479853248581792 0.6688548073845079 0.4701195523340527 0.7950726239648861 -0.09446533789061598 0.7830959340675117 0.5481967147644522 0.722995814007377 0.013715546262280555 0.7234922042991259 0.41594494787950675 0.7760569665779116 -0.39772323142891286 0.7798716414413385 -0.12589568587627403 0.7230685882377061 0.3498755000664357 0.6726656205896668 -0.4189847680627136 0.7534976921505783 -0.03287398757850843 0.9173693703156901 0.3791378626984371
51 663 0 0 0 0.5896141739503743 -0.45423022521663503 0.6730489798064662 0.4782511781626983 0.7929864035358233 -0.11806268646031541 0.7807978771619636 0.5337411036544067 0.7409306312129864 0.012323897654840928 0.7308493768012807 0.43828960597141126 0.7621383527483954 -0.43163695801057356 0.7654360802181351 -0.14767119480451915 0.734320841187722 0.35447090080401916 0.6777893807028612 -0.42701209125852274 0.7387958689278367 -0.02811035411040993 0.9378616436969558 0.39267478547028106
52 676 0 0 0 0.574486638914943 -0.43431320713031735 0.6466252588720712 0.4741561299093577 0.7819940420091842 -0.09845886799409201 0.7871260481624618 0.5318408838049891 0.7428840305586039 -0.013012255354089772 0.7233793586949747 0.43109032237280637 0.7637891217451673 -0.4192606638761947 0.7437379551324367 -0.1422373374080228 0.7258566155699113 0.3442226029682022 0.7120573002394062 -0.4526546102731926 0.7707469182922378 -0.02147415555208708 0.9331650039705863 0.37670368541746746
53 689 0 0 0 0.5888168317157649 -0.42609367264919085 0.6609869751071522 0.4817502540500458 0.7799839729683303 -0.09929947907322746 0.7911845201981715 0.5436156170283023 0.7524197193414122 -0.025113224808193127 0.7274319273636293 0.4326121595195852 0.7529006472208644 -0.4026079514867288 0.7484428063700026 -0.14943261383075188 0.7415791731766643 0.3327433269341361 0.7263044115925054 -0.4619192428479463 0.7554534769581158 0.0008205566451310697 0.9179868999857267 0.35366750544602515
54 702 0 0 0 0.5874020968566851 -0.428449343215336 0.6744030087799421 0.5108897818382139 0.7544011394429774 -0.08316153139870433 0.7706012851378202 0.5483497971051314 0.7579770757719461 -0.010758248565349656 0.7304937402635868 0.46202434173218987 0.7656207280504261 -0.40827589879437726 0.7690769571828303 -0.14601349470613753 0.7612760988569846 0.34418520434463934 0.7505741233292524 -0.44883500400183124 0.7548380163411196 -0.002256186777833925 0.9181747350159123 0.34171252637829136
55 715 0 0 0 0.5785692104163376 -0.4299037933629949 0.6676584532057585 0.5002046213163209 0.7580754389621703 -0.07708993455390689 0.7574959068109574 0.5424807602913972 0.7847867295754019 -0.00858220296278732 0.7362934273372642 0.4656048074752565 0.776721465378142 -0.42070524922672864 0.8056755233370636 -0.1414160862376074 0.7784626028096548 0.31270910438735644 0.7935744015803297 -0.46214113807256163 0.7491338427021086 0.021946623263108356 0.9054157928491031 0.34010467577733605
56 728 0 0 0 0.5800785997476406 -0.4283189906881269 0.6442997519132079 0.4909669112783768 0.7430789688293464 -0.08448560436441446 0.7539309096426333 0.5338979469028086 0.7604165928389421 -0.002320207934532419 0.7395602570462799 0.4709056005282808 0.7718390359345264 -0.44906697787175476 0.7990394287539561 -0.12792340196662494 0.7794172464257785 0.29645704688242647 0.7971426119882262 -0.4632942061053513 0.76281634632607 0.03332276320376624 0.9003515540655159 0.31375618728967314
57 741 0 0 0 0.5643247139396455 -0.44840055121573313 0.6651720800959399 0.49314927185259777 0.7546247035612809 -0.05535117324704469 0.7523307652461539 0.532370471027301 0.77374336476852 -0.009710150979088795 0.7420364900197818 0.500134414112959 0.7763387259191503 -0.47074996937001645 0.805401076315849 -0.11324616092391408 0.7731927861416327 0.3195392813579442 0.8246948008354623 -0.45834883050155456 0.7892453433966403 0.03738179251302356 0.9229628121429025 0.32678208071576215
58 754 0 0 0 0.5327293308616939 -0.4418517105563977 0.6346731261481112 0.4656054092633734 0.7696257489857611 -0.09285489834022738 0.7572021436312453 0.5240385125063226 0.7800137153010412 -0.011401313442733088 0.7395209491574202 0.5040076362931966 0.7759497706208649 -0.4600031007412845 0.780289262633225 -0.0859517836076796 0.7836379352760857 0.3267158755134195 0.7928606523891569 -0.4671092675313861 0.7940852617456379 0.02324499438280498 0.9410029214087648 0.3233509737627234
59 767 0 0 0 0.513665964548716 -0.4314124005042767 0.615939869466145 0.4506697274920872 0.7626933131972868 -0.09371291892315031 0.7738904395964058 0.5363628652391814 0.7751656705360147 -0.031167646256925738 0.7480707032730876 0.4872393453731837 0.7908114157407748 -0.4565925940511239 0.7845720307317396 -0.07344873084115013 0.7964260941550126 0.335562681000731 0.7717266342640827 -0.4678224053750133 0.8083266740138362 0.016503015146726495 0.9132524267105512 0.3207459990927799
60 780 0 0 0 0.4859897381788644 -0.4113693413661751 0.5895991505438185 0.44073466245131654 0.7674536142052074 -0.10085908971792375 0.7728258931599329 0.5603163404642288 0.7489489122600276 -0.07064499245686387 0.7315507311656091 0.4883692674882034 0.7903313503083707 -0.44282973589963665 0.7918950032560022 -0.0764347643309327 0.7936621152809371 0.3083960854777986 0.7611752812685 -0.49979980642671507 0.8258817742461945 0.038887737574025145 0.9164234051060002 0.3267670600981803
61 793 0 0 0 0.47213509749337496 -0.40213319970004563 0.5967244358621876 0.44451712248793224 0.752762719582763 -0.0724469801864624 0.7620699030784779 0.5233651473467853 0.7562771643169957 -0.062476141142657704 0.7497318595807421 0.48578948970922137 0.779918586605894 -0.4616334805561114 0.7794329896391062 -0.07414922883001736 0.7915223465661494 0.3035439793814881 0.7730336983771218 -0.5086515645218856 0.7933322374261245 0.03189020474833304 0.9237373219752765 0.3358419163515429
62 806 0 0 0 0.48646642606158114 -0.36689386915238154 0.558706628238857 0.455711277730748 0.7556111616105629 -0.05482747913795017 0.7589742382216993 0.5375283329388091 0.7620605894416864 -0.0911689481762341 0.7241981930214713 0.4729638390059265 0.7639507054264405 -0.46481456075136196 0.7644905072202407 -0.08530879586766599 0.7762203539039636 0.2856637648534728 0.7876717351189193 -0.5050943946713934 0.7923859062680367 0.03547874215346844 0.8942014626782371 0.320095669621481
63 819 0 0 0 0.47199079768646246 -0.35085232711085473 0.563981035957432 0.4475952889670197 0.7621914840018239 -0.06323784185398146 0.7660184390260851 0.5193228936349814 0.7434881340011091 -0.116493111162043 0.7336523623371811 0.451170896608679 0.7595050430758765 -0.4708743429573387 0.7623111763161236 -0.06770091900704392 0.7811564933603371 0.28248194121524695 0.7989847981167408 -0.505353613550565 0.7949490746594501 0.04141840631721991 0.8807757657308679 0.33338140285608003
64 832 0 0 0 0.4842393518714444 -0.3617670744277695 0.5630828650670441 0.42552722401541254 0.7600960009344042 -0.0680531928663513 0.7864726637234777 0.5294756628905039 0.7726151825532946 -0.11012530269157784 0.7317631679943605 0.43159189653697494 0.7460107486882219 -0.4857042487824509 0.77135439360244 -0.061449028026117125 0.8046348425573057 0.3155023868823707 0.8175621320703462 -0.5246495610213081 0.8122581196094372 0.012171966890981715 0.8897230671939458 0.3231740056853818
65 845 0 0 0 0.5126343614218417 -0.36449571868588465 0.5410214491732378 0.3858006200953233 0.7711825822226911 -0.07329851509480066 0.7906416130293642 0.5240894499293296 0.7645218847161717 -0.1202546926843984 0.7149974335243905 0.4438394423459704 0.75465865065471 -0.4791817825917745 0.7593658715928383 -0.04589325061111923 0.8142491978646371 0.3372876662530273 0.813049517527157 -0.537514234775502 0.7985041960783616 0.00781298363046628 0.8629651248249619 0.34373250257952576
66 858 0 0 0 0.4888393540143924 -0.35268026693852705 0.5503133917461857 0.38077845666595656 0.7552230863701143 -0.06920648314436881 0.7754903941632159 0.5319581182898913 0.7732541258497101 -0.09431187010716015 0.7266534085980066 0.45359809391665634 0.7626853798993838 -0.47529358697297075 0.7496436491276255 -0.04992489392949884 0.7951061143291827 0.3621164033826496 0.8096177439540677 -0.5183902326045127 0.8304843935826363 0.03421167473097971 0.838237453841226 0.3396750585603142
67 871 0 0 0 0.5012430087858744 -0.34618762947914583 0.5791902507756864 0.3919947889287178 0.7613262995107994 -0.06835568893744802 0.7625637673220246 0.5500578590297522 0.7648986789684293 -0.07285605186629494 0.7269502449352268 0.47948038473039095 0.7865520569371595 -0.46980556807580615 0.7644187639313235 -0.018768628594530764 0.7844610453917014 0.3823322674294485 0.8162993525325009 -0.5154738855623641 0.8185868070598705 0.018033162010149068 0.8407383793601378 0.3417715163998858
68 884 0 0 0 0.48623071225992553 -0.3377202253435071 0.5805419091516565 0.40426634168317443 0.7370443968603294 -0.04732032579561664 0.7473791518265811 0.5611511740528268 0.7461408309458208 -0.0943530943404677 0.7106226777026331 0.5039222370075874 0.7723000264518046 -0.4741218973598739 0.7544078791536117 -0.03323301476480854 0.7959974489066133 0.3689924979630577 0.8435841546465777 -0.5322721794724733 0.8180352778255635 0.038540603809092085 0.8540044328001679 0.3543765870202942
69 897 0 0 0 0.480163263452858 -0.3648318546670234 0.5948571474581018 0.39757310055259737 0.7740444913814042 -0.06420576622583096 0.7528907050240478 0.5606553974283437 0.7587702229811166 -0.08172448134893583 0.703671065112067 0.49634045823024536 0.743542083349138 -0.44055708540784594 0.7555933676479754 -0.05221250300982396 0.782955483064127 0.38157291967792584 0.8498535954039332 -0.5321469093807724 0.84546450198724 0.039588713691081134 0.877712145838253 0.357504729221387
70 910 0 0 0 0.4949259187899012 -0.373780200313346 0.5891313626647807 0.38557935172199853 0.7602222878760816 -0.055878614376159624 0.7507899712034243 0.5756520236410209 0.7439102248331809 -0.07705326771965768 0.7004709959457401 0.48691268574221097 0.7372849094294496 -0.46218594656807843 0.7438838466587702 -0.06674952120915544 0.7842446595048879 0.4025895283996088 0.8598087802670449 -0.5032801553561875 0.8771022024764497 0.03620123976269163 0.8786024792937434 0.33396048565425407
71 923 0 0 0 0.4788954569420597 -0.36003319444211374 0.5806935611451469 0.3843247827099205 0.755386381468369 -0.06906736901911903 0.7547597807927965 0.5664755326982892 0.7515263331767414 -0.06666941186873762 0.6945823950452726 0.5052167281407821 0.7291981867226881 -0.4460184058501192 0.7396547803394365 -0.05719358607278995 0.7862259632083362 0.3969621222908667 0.852651990113475 -0.5147354421863171 0.8455817442495043 0.04095471885781661 0.8790134879440147 0.3279275832944439
72 936 0 0 0 0.4831660040940064 -0.3356870439602539 0.5680249530246267 0.3978172639635596 0.7467644058921934 -0.06741661939261984 0.7519511504806177 0.5708694430630765 0.7377435783380757 -0.08457924440138716 0.6914160431355433 0.5102746753875238 0.7395837931216952 -0.4458677868680692 0.7387631511111896 -0.04582673822728487 0.7876299764812054 0.4172440051632666 0.8743846545100544 -0.5080849913692149 0.8586128795319219 0.07569148758253919 0.8834549132666905 0.3197814331247004
73 949 0 0 0 0.49118218878340353 -0.33316870828989587 0.5716246567098197 0.41923749348255407 0.7299712912741273 -0.06786721529849844 0.7328470512795358 0.5822403981647302 0.7671734886110739 -0.07558330073548214 0.7026183064023577 0.5158027459882384 0.7496121045085848 -0.4529302859850825 0.7369692749336738 -0.06828225331423801 0.7833275210908119 0.3955702427521821 0.8540037888024538 -0.4967200567569622 0.8458910231764505 0.06377336828272274 0.8759191237022793 0.3272786155959817
74 962 0 0 0 0.47887919115561983 -0.3346882588424664 0.5441640008852395 0.40910914714086577 0.7181462224144668 -0.07227995278355977 0.732695739581789 0.5715731365012435 0.7615687738168582 -0.08172282453706305 0.6992267154487845 0.49715025982371497 0.7346603172406052 -0.4581205608512069 0.7493341993003373 -0.04939483797311891 0.7614238429915234 0.39353072642919346 0.8587510798672584 -0.4871342476721981 0.8486319752328224 0.0666516263141762 0.8816585659623936 0.31451396111420327
75 975 0 0 0 0.5017647671989753 -0.3203521086915643 0.5752083012459528 0.40334391015988375 0.7117908962740666 -0.07739972555319102 0.7250107936875131 0.5757690681463516 0.7805887247341665 -0.09605606568012298 0.6857068852248354 0.5016964835481001 0.7391532161737357 -0.46487828476785176 0.7487310644784564 -0.059551123755023486 0.7493425794356491 0.3984056373440174 0.8762093036756656 -0.48394185802707185 0.8282451311241914 0.05249011335213653 0.8828771540219619 0.3042978656025693
76 988 0 0 0 0.5008550601577652 -0.33490002900996496 0.5832809174798348 0.3947331127723839 0.713890948418497 -0.056140272282768716 0.7256391398168796 0.5594809090533813 0.7792039583067533 -0.08887006121641129 0.7049548382197368 0.5247561125873805 0.7501440210134154 -0.4610140219511216 0.7631479812035118 -0.06796324087852341 0.7575446891731746 0.41464469041643165 0.8789811865674336 -0.4637680558238552 0.842601586436181 0.07729841283893624 0.8968520279974014 0.302121693341953
77 1001 0 0 0 0.5111954049383571 -0.3242464915623373 0.5918842041933463 0.38771755822217013 0.7101599196530275 -0.028248409829409037 0.7278642547718513 0.5467679787899503 0.791009644977597 -0.09012087786735846 0.7230180095731058 0.5237200528225053 0.764533626917636 -0.4586319151353665 0.763953354161071 -0.06260969618450701 0.7609189474693936 0.4126029557729735 0.8595248766641772 -0.47695902603491774 0.8440050024682202 0.06037899565120414 0.9077805235617891 0.28954969540487246
78 1014 0 0 0 0.5023575943041404 -0.3356249505573514 0.5905489538950485 0.3908161554363569 0.7078704842309689 -0.03067019258210482 0.7236896917454685 0.5395207995488294 0.7894206659328746 -0.10400885572132784 0.71708683366335 0.5426806920428198 0.7425693334121544 -0.4783307117914172 0.7545149984021682 -0.07322104266562292 0.7713827638879658 0.3940787630229857 0.8703510622947392 -0.4897008752969989 0.8554948126592895 0.08055478790625675 0.908561491304833 0.2834054274242451
79 1027 0 0 0 0.519089419362336 -0.31847840104612807 0.6019101147314198 0.38863764421928504 0.7075322142473081 -0.026380717508945314 0.7130874262263479 0.5384656675478925 0.7798024187270902 -0.09047355263524358 0.7089426165340006 0.5575637265410669 0.7397938931751278 -0.487496663716291 0.7848542392217461 -0.060053727696665324 0.7922702332600672 0.3959240778614648 0.8542733411111556 -0.4992470217715983 0.8480394338162495 0.06910306733093406 0.9059156887232036 0.2899202963656254
80 1040 0 0 0 0.519561424159143 -0.3100526221442923 0.6139903717257615 0.3988687622135736 0.7018177293797685 -0.028282693749692684 0.7216230383452372 0.5606902234745679 0.7676091560640518 -0.09582744418599108 0.7236576138033015 0.550201972064524 0.7553691784334221 -0.4975218027695603 0.7824306551228177 -0.08601023611643767 0.7795973658954034 0.3798630421855227 0.8564185974926531 -0.4975895725353747 0.8347393150095388 0.059560044795736525 0.8970293719154063 0.30635043476589174
81 1053 0 0 0 0.5236006620477095 -0.2958263871546159 0.6103655988368595 0.4026662712644374 0.697896072633263 -0.024972318560292497 0.7157777350421343 0.5561298049433518 0.7749341066149866 -0.08583729452244505 0.7292108929647226 0.5580734690108912 0.7730272043948682 -0.5096822482135706 0.7965216903576984 -0.07993442408171414 0.769492702561621 0.3690999875900075 0.8595011399853102 -0.4902019816846531 0.8146785943447575 0.06400728908426795 0.9210365751509851 0.30134336743625
82 1066 0 0 0 0.5190173149328385 -0.28746043485452216 0.5951158626464627 0.38523901866088983 0.6980528302350388 -0.0269999464229435 0.7100518237079172 0.5592168495915899 0.7831287118172993 -0.0645523619201278 0.7384115740104209 0.5711439013681107 0.7716367775342116 -0.524321552509775 0.8000501948668112 -0.08008718528896436 0.7781192857608288 0.3844231646346499 0.8665870584983406 -0.4876771980760192 0.8105218314710949 0.06088929972819625 0.9168784481871991 0.2926549905364742
83 1079 0 0 0 0.5180264821836441 -0.2783879461765927 0.5929308776430797 0.3908798911904773 0.6798060577268377 -0.02414590826915015 0.709515977673252 0.5616811765286407 0.7846666281286019 -0.061464793557004654 0.7383798878511669 0.58642603309981 0.7838214374390505 -0.5314374289637808 0.80268958983424 -0.07941696769004283 0.7777437671906747 0.3709130354601837 0.8494820709751814 -0.49142705113661767 0.8163962163245738 0.06443208840236635 0.8994251735546108 0.29418476577243635
84 1092 0 0 0 0.5138535006818576 -0.2888001488413524 0.5844575060499474 0.38055857372636503 0.683128397090618 -0.014431387321758013 0.6962992971202138 0.5871742836773052 0.7966426371256206 -0.03752929691022574 0.7569414470250454 0.5779709779285623 0.7960210203581796 -0.5242394570632848 0.8071948749592208 -0.06455887696405237 0.78217079332466 0.3605645214947956 0.846062115696634 -0.5084602175665287 0.8243272558121124 0.06743562988983873 0.9022184660286829 0.2885276874455997
85 1105 0 0 0 0.5063606649327334 -0.2925399371249893 0.5761069864440816 0.3741136684768142 0.6909552733745874 -0.01701810771071863 0.6999379054540219 0.5746091311655267 0.7917047195386481 -0.04999591014511993 0.75770480192465 0.5760144706778544 0.7902389886050014 -0.5171385612849533 0.8034574447034644 -0.0623705698101269 0.7739831302677538 0.3748173911187131 0.8437983045082407 -0.4980033869449829 0.8218025376608061 0.03851576753660509 0.8921437209353186 0.2780428607646168
86 1118 0 0 0 0.49658402311683747 -0.2949133813560276 0.5725142383650733 0.3867111343344018 0.6815658250903499 -0.012383588403601499 0.6866891610363675 0.5566222655380618 0.7973352154763391 -0.04429872688675351 0.7502214173456485 0.55653954075279 0.7760022091957706 -0.5015930229542725 0.8005559559780375 -0.08777345339745657 0.7717474497980179 0.37936119613306896 0.8388851818227981 -0.4948318247650817 0.8346779094462136 0.03666937581068099 0.9035534536281128 0.27825821222952385
87 1131 0 0 0 0.4848355054137274 -0.29663156876362473 0.5681180235825835 0.38007598009160865 0.6748526178949124 -0.005774718771161377 0.6854785571321685 0.5607195651459874 0.785510570343227 -0.03797189940235116 0.7505323467336319 0.5603695663523499 0.7825375949999154 -0.4948126290417602 0.8047731826468271 -0.09687932770886343 0.7721513897101313 0.39694860519720465 0.8595240284296187 -0.47733229934707855 0.8368084136389553 0.030459007433553776 0.9105003417362272 0.25309346366663465
88 1144 0 0 0 0.4732320219899771 -0.27544654222016685 0.5837701348157556 0.358903217737294 0.6729781644739213 0.003110927638980238 0.6746931724199671 0.5647234931162518 0.7873720344622481 -0.024817847937518355 0.7599208558589434 0.5566955927299969 0.7977585834778188 -0.4915673940754728 0.7980525395501094 -0.08341134166320069 0.7699525870722205 0.3989989501203703 0.8649368215026954 -0.4817114563703651 0.8307301100517247 0.01869799355028468 0.913892100834815 0.24278457248185792
89 1157 0 0 0 0.47231083430695875 -0.27201507430278554 0.5966514398751597 0.35172728198104103 0.6727738260377755 0.0095791437300496 0.6778844860595632 0.5795974862359335 0.773212049736423 -0.004208741685901687 0.7641492013089198 0.5531131258410105 0.7876364953659158 -0.4860134950149559 0.7912694565477736 -0.0860234754990057 0.7550346504952835 0.3977644054029888 0.8577868109563601 -0.48702292573847766 0.8421333747015648 0.014394879880861492 0.9153831850381703 0.2491240528250111
90 1170 0 0 0 0.4672749642355104 -0.2681639970610417 0.5949487956616759 0.3654436770032851 0.6744206556042784 0.001724137161922591 0.6891637276302277 0.5834180980543507 0.7655400410654646 -0.008074413555574346 0.7522702120080715 0.5575032856925485 0.7937245389269166 -0.504016869699455 0.8000785586554702 -0.08264601756623723 0.7611755420468984 0.3983612486679943 0.8456275043198787 -0.4749330656715984 0.8506890665866631 0.01149696334920364 0.9093829907151407 0.25987240815483503
91 1183 0 0 0 0.47258396202912967 -0.2594477544335727 0.5874554338755331 0.3702548187493807 0.6735109289089448 -0.01601175613853478 0.682133892286265 0.5773285381118313 0.7611564136885203 -0.017437089023957394 0.7550997380804052 0.5368322996285675 0.7846650295522766 -0.5087869875618316 0.8027431384247615 -0.0764684694998844 0.771630057703637 0.3807761328259198 0.8497316065180306 -0.5052494618217749 0.8365037150085644 0.024245243482273814 0.9112805587812681 0.2521424496458753
92 1196 0 0 0 0.4772440485793883 -0.24495257567189876 0.5895002838460142 0.3529866378600738 0.6890764754489039 -0.01041516023030954 0.6898390828425824 0.5767456709473838 0.7590046186033652 -0.01502331916891689 0.7381515836376966 0.5371806562338657 0.7710979691754587 -0.5125562834168711 0.7967001056937578 -0.10012870434854221 0.7650934231906342 0.3814096061183955 0.8385859959364785 -0.4950025555786549 0.8444266357036823 0.006288132464873848 0.9119254176045893 0.2521061048431025
93 1209 0 0 0 0.4882275904922874 -0.24115389171715498 0.5963299907324342 0.3431097918529011 0.6917635583866047 -0.0046901801357121685 0.6896434062615452 0.6018234251478112 0.7525472799069594 -0.016167890021659942 0.7367994653356855 0.544571676378182 0.7841002399624482 -0.5125980477744387 0.798272188226471 -0.08349245063525362 0.7738673868236774 0.3716183862024092 0.819911835128382 -0.4968406175949083 0.8466179691805887 0.007495176038511793 0.9163246301006585 0.25453980221981654
94 1222 0 0 0 0.4891551852773772 -0.23212154327420342 0.6071499908587098 0.3381640218249127 0.6945802361911556 -0.005197639806766902 0.6983358205451471 0.5940596830834195 0.7582854641474281 -0.010382830193259142 0.7499773249067975 0.5415708926532284 0.7899190797412283 -0.5122557351814205 0.7858934275713105 -0.09614110799638037 0.7774511159491737 0.37784077985345565 0.8326979120172551 -0.5000092789867618 0.8629932727619885 0.014493635973583167 0.9124376627741996 0.25246361787329963
95 1235 0 0 0 0.48687879363174974 -0.2258979225500104 0.6104771212109967 0.3319330185103925 0.6845406000699891 -0.023910052934518762 0.6942023655025761 0.5820739941003132 0.7566682470141823 -0.03998297595653723 0.7564758338284496 0.5348734055294401 0.7920311234344155 -0.5194996689085725 0.7828376404416166 -0.10288095705765259 0.7842446302313059 0.3720945169878031 0.8441283428140263 -0.4991060982996206 0.8607030484538708 0.0317398148032635 0.9170625877941176 0.2654069279834372
96 1248 0 0 0 0.4943185420536228 -0.22841749898497304 0.5904564809006098 0.34810001958547976 0.6929959361188557 -0.029185255413049577 0.6898554411341863 0.5771786205585145 0.7531960042574115 -0.028215926128408887 0.7376633758383486 0.5549371502252451 0.7854860905201458 -0.5283006643451533 0.7887521955492653 -0.11899483905055569 0.7897755618155509 0.3786900155222315 0.8552731356555076 -0.48680105911167093 0.8614518582265299 0.015272859178773274 0.9050428497348157 0.27309188420681296
97 1261 0 0 0 0.4890864964801034 -0.19612249579400104 0.576236231744871 0.35727406642690995 0.6975481497190213 -0.01680599698070002 0.6890388579837414 0.5649846347324012 0.7520283950192352 -0.03574875771957207 0.7361019072534971 0.5618436534666633 0.7805182759401345 -0.5332737750101233 0.7948579425422431 -0.11485068958478266 0.791151774261322 0.3611840709750566 0.8654684788644282 -0.4851009223966961 0.8560794295099196 0.00920489148150717 0.8896353452872146 0.2770413257715084
98 1274 0 0 0 0.49539900336945464 -0.19579219343540544 0.5741790562702379 0.3391855079875237 0.6945342269654582 -0.02131668395390677 0.6905019984882258 0.5542148415771977 0.7558572156484034 -0.043429961380610296 0.733792820929279 0.5447574395393862 0.7733478200357456 -0.5195627149399042 0.8056647585794645 -0.10482916283158308 0.7982828543140087 0.3496700757304436 0.8668621173512239 -0.4827821673275078 0.8569437742687347 0.016192315194777658 0.8867734424014349 0.2728025802311412
99 1287 0 0 0 0.497590810098379 -0.17738723268730627 0.5872699367578676 0.35146675438511243 0.6947694783107289 -0.020877523879772094 0.6890064249734397 0.5619135125797973 0.7511912947355899 -0.036183664847695994 0.742359621031722 0.5384932204450097 0.7810847802361174 -0.5295735798171556 0.7954270851277059 -0.10851708687742775 0.7927126441020284 0.3436692456607886 0.8706189123889487 -0.49163280936618886 0.8685208208550366 0.0032691838926246644 0.8760447109245962 0.27094423668677026
100 1300 0 0 0 0.49817602341269424 -0.18290169847363913 0.5989087685603768 0.3534284286952429 0.6920883008453995 -0.025430079077595934 0.690466386594833 0.5656359153115245 0.7516176253225735 -0.03733556642529737 0.7375860727892872 0.5280218996277845 0.7731621048538647 -0.5416715982246704 0.7957272974851632 -0.10670169937888277 0.7854429903681219 0.3528203705636069 0.8652407451433525 -0.4940899782989116 0.87972874556165 -0.0018188232643501644 0.8820000304403149 0.2565653476939784
101 1313 0 0 0 0.5136291508812794 -0.16955831779004832 0.6130465600408272 0.35984798373836546 0.6878692223803948 -0.016924456700707247 0.6924286277415248 0.5655347759149107 0.7555815126500842 -0.013936006394025442 0.7412652428754111 0.5287374041881655 0.7729953478074189 -0.5400762529278699 0.7881536372507455 -0.09851369439448492 0.7908085391183348 0.36223636759202216 0.8714927450804756 -0.5006344146335742 0.8907319783469935 0.0007889296178705501 0.8814748247026044 0.2556342124487063
102 1326 0 0 0 0.5284304412303753 -0.16127337860183244 0.624493324508543 0.3609124584828004 0.6850356747224579 -0.03042090880723726 0.7053391862793569 0.5552011923299974 0.748435040974474 -0.012958741486447708 0.7385692842903469 0.5361843520169151 0.7745387278961231 -0.5444435431362679 0.7993006112390986 -0.10237707012926106 0.7947488844686278 0.3621311978846567 0.8666517024907566 -0.4842193076399419 0.8864589899151116 -0.0016032066690905811 0.8826486489096621 0.24711433796682122
103 1339 0 0 0 0.535958644741547 -0.15868717335299415 0.6271985348200273 0.36503617688013473 0.6876618019070594 -0.01732440759458094 0.7022864947940336 0.5605145758830389 0.7548674338475638 -0.0027456834742179297 0.7340109554281091 0.5201170102859375 0.7756661636250238 -0.543334352000034 0.7929947829353909 -0.11871793487340107 0.8008249868626982 0.3618394619490668 0.8575345571317146 -0.49037140889250386 0.8939463549962462 -0.002286342162738696 0.8816012671842621 0.25745439263802444
104 1352 0 0 0 0.5369229325909006 -0.16733291195861458 0.6221390686778173 0.3708614279732162 0.6821777246375874 -0.015149231672464108 0.7040204882751302 0.5571910560892669 0.7565494518633067 -0.007092927410902257 0.724062335956534 0.5153401767330301 0.77185219373094 -0.5486464192912436 0.7801939568682497 -0.11006724613459279 0.8036669605194603 0.3641562163399307 0.8659158722266409 -0.4745343598951195 0.9023885212640288 -0.006636113345074766 0.8907694093202005 0.24329903885553766
105 1365 0 0 0 0.5317457622056332 -0.17404001372014669 0.620076841344389 0.36840156392300244 0.688421222037132 -0.0114117549814517 0.7020309400974892 0.5476449127531687 0.760002270156789 -0.022609272151120904 0.7302492170154531 0.5330311280045084 0.7634578783140266 -0.5480270040948463 0.7937684863736414 -0.11335481149560864 0.8002177543084804 0.3826932887035263 0.8649274845095462 -0.4668998851298978 0.8977367338699461 -0.008823647917117488 0.8905161856058521 0.2510889900661897
106 1378 0 0 0 0.5478854649869461 -0.1669891086451478 0.6341107395248243 0.37370189950475935 0.6804951786794409 0.0035961026121422175 0.694370315182872 0.556691179023915 0.7598908758867388 0.0035046787721419656 0.7361553040151949 0.5339620261674304 0.7611961839802283 -0.5449541222503287 0.795850935977203 -0.1310376072841128 0.7972422454812331 0.37567870941904064 0.8687506222184382 -0.4587237472620122 0.9027257901935156 -0.00907887037246772 0.8862043243070267 0.24521788324389213
107 1391 0 0 0 0.5605902837131979 -0.16926387454922093 0.6294005914188394 0.3660636781309204 0.6860647791031924 0.008879553413266414 0.6970839371960922 0.5659055908041342 0.7569276432236643 0.011258505526029899 0.7399805277021821 0.5295454131996976 0.7650555890661633 -0.5430819190952136 0.7989072549731131 -0.13103155417873727 0.7993644757119324 0.38713906877330667 0.8577370520660876 -0.46252672088103713 0.8985327435727328 -0.021395503794653856 0.8782042430271428 0.2599174057737343
108 1404 0 0 0 0.5563262337292938 -0.15897170611355665 0.6369434849344411 0.36761373841454714 0.6890422346870153 0.01600670684584019 0.6838697198205212 0.5688130181678923 0.7529947660223631 0.019898146037245677 0.7428388077302083 0.5270295060936159 0.7717928480734346 -0.5488752060137944 0.798994832735586 -0.13046188228715935 0.8007428885465069 0.36773530929804893 0.8615604352160112 -0.4617625444284675 0.896073254074753 -0.021081351166814217 0.8714364472590959 0.2596453958136277
109 1417 0 0 0 0.5494139058154295 -0.16512383002642492 0.6238423668048126 0.372136783966921 0.6823622957017441 0.01669636008162291 0.6895647379083829 0.5601519292040229 0.7503257849575183 0.011359575745546444 0.7437376513567501 0.5329290879881493 0.762421728761487 -0.5486836986173297 0.79429237102961 -0.13022180792565663 0.7992215115550657 0.3682571021909564 0.8687429688197527 -0.4638304322604925 0.8835930441756956 -0.021790587556700103 0.8687215136862931 0.2665837856946652
110 1430 0 0 0 0.5462206334585081 -0.16302342814937137 0.6208322485960341 0.3713281395399264 0.6821716899243448 0.01330586106462186 0.6789469859903712 0.5605803211721062 0.757504181574132 -0.00452811864714339 0.7345898363363518 0.5267047156093415 0.7662113878580923 -0.5475166877941151 0.7922773725044774 -0.12651537029178503 0.7933463813000562 0.3712138912753433 0.8678788060108784 -0.4715711132862882 0.8762841897433077 -0.012250975182706611 0.8752470208370632 0.2778698523239979
111 1443 0 0 0 0.5446843992456326 -0.1659988284655971 0.6179842995232601 0.36474931925531645 0.6784540287781169 0.006917756427498153 0.677257464540426 0.5537411744953296 0.7553200928194025 -0.004213738540772246 0.7276015286433088 0.5337312043181909 0.7579224728679069 -0.5431858065683545 0.7869100341038215 -0.12659559442152435 0.7891069355660256 0.37988248045334644 0.8734559182691333 -0.4672838993921257 0.875757288542374 -0.012208750502155778 0.8740967427786075 0.2743282717533396
112 1456 0 0 0 0.5437500740456378 -0.15508942697814998 0.6055892310436288 0.3647412474617658 0.6691324223123071 -0.00927936993084997 0.677791780599464 0.5591759926544433 0.7485001308360282 -0.012222428029348576 0.7303420498340025 0.5386057974467617 0.7559300800913143 -0.5498652407011501 0.7840840211995204 -0.12191799441788351 0.7853709544458206 0.3789640773339066 0.8674869938839098 -0.47085967661571015 0.8727060797500208 -0.016605211475989968 0.8674271055458685 0.2808052586945043
113 1469 0 0 0 0.5574965481183759 -0.1438212919411524 0.6133797680855921 0.36455768428083424 0.6697898359913288 -0.009581499145110818 0.6773916651567993 0.5602006186304848 0.7524863446557324 -0.0005390586422112354 0.7287725533567381 0.532293449455751 0.7614548359168787 -0.5548615235839558 0.7755575153039331 -0.11026240730516551 0.7841144422374234 0.37787245377869827 0.869833967502706 -0.4655720714784063 0.8861172854950083 -0.02854034812060339 0.8616969756358018 0.2761201118218031
114 1482 0 0 0 0.5622231712562981 -0.14239924400745413 0.6165348248251826 0.37392405274857277 0.6721392141723349 -0.01687320056326453 0.6721383477727565 0.5576078804885335 0.7485958262252879 0.004456937605819446 0.7388347787824334 0.5329739092475825 0.7707300537508137 -0.5509515968749821 0.7834453939784908 -0.10837322112988167 0.7765632062597347 0.38307635552756425 0.8637658868205718 -0.4761794313355211 0.8908423617962117 -0.03415882246382149 0.8519955969354568 0.2765321609619164
115 1495 0 0 0 0.5678462479548019 -0.1478176348574074 0.6215353891229214 0.3670183911212106 0.6839731238288185 -0.009916807905935611 0.6772394735458795 0.5542733986229852 0.7547276908143115 -0.0034215624620481406 0.7442650742561369 0.5293052308177575 0.7758522927098397 -0.55431376520945 0.7802016485127751 -0.10641075848344644 0.7766359857830791 0.38466135261996387 0.8607792560095293 -0.47597605202969845 0.892946224822832 -0.02341845905594018 0.8617097454293976 0.2839160294398177
116 1508 0 0 0 0.5627450607938017 -0.14761569346360418 0.6195998174746272 0.36679658172504487 0.6877019596326185 -0.004735480697079291 0.6744949239349164 0.5567597048330344 0.7584515224634505 -0.007626852442977355 0.7388506643066576 0.524452008816345 0.7735772327431873 -0.5623122579946237 0.7810758924795508 -0.09640048577731797 0.7705916547671073 0.377822582439129 0.8569885522481353 -0.48989196286613446 0.8836455841421105 -0.02512605525403937 0.8637084683370697 0.286810840014556
117 1521 0 0 0 0.568244021858586 -0.15343015160597928 0.6379511608634517 0.36708013090546265 0.6958340923052774 -0.0034695779541553612 0.6792997093667312 0.5567506774488284 0.7505147952408803 -0.007027783066983182 0.7433101994724856 0.5360719625676746 0.7764143743706907 -0.5639658980910567 0.7712340170612136 -0.10367204037880001 0.7699545554215019 0.37150439749023245 0.8613049143889252 -0.4880979412085449 0.8873555164571424 -0.026330955205578283 0.868224163201359 0.2843673654984643
118 1534 0 0 0 0.5824673681224641 -0.14756187924812494 0.6408509373491091 0.35595049495420394 0.6978562125201785 -0.0018521576857568616 0.681068176906008 0.558695052498984 0.7530083865680127 -0.000718527042060798 0.7438915930461304 0.5318866715841402 0.7756985949555136 -0.5611244943125195 0.7677409795606748 -0.09379154100999651 0.7752653249053294 0.3765439848612268 0.8592807404925209 -0.49119421086803633 0.8830743714543071 -0.03017584083661774 0.86801323191695 0.2867749967170438
119 1547 0 0 0 0.5768731310341966 -0.13679582103475083 0.6368509676794547 0.3648635602703475 0.6911760583959398 -0.005791205031701635 0.6838461215514225 0.5552815998764531 0.7518404362729859 -0.0077179487029775075 0.7377345530748926 0.5326023517177558 0.7705589784146766 -0.5541639217280383 0.7667884395976863 -0.09726578901646551 0.7808538172203927 0.36766495792654585 0.8605306474658139 -0.48451266387286684 0.8794577305141204 -0.02855611349484366 0.8741158664316864 0.28409397250959434
120 1560 0 0 0 0.5675613001786312 -0.13382764321409102 0.6380088667480617 0.3627548836730221 0.6895219379769202 -0.003634156388782901 0.6791155078774971 0.5517653306755625 0.7586838551611856 -0.015040272255745179 0.7393501705795306 0.5318762171135311 0.7750852694422168 -0.5509529112794584 0.7703363958377067 -0.08477142501479543 0.777958206264868 0.36758196035698976 0.8593479965631773 -0.48906903457837225 0.8753904408843185 -0.02837523076505049 0.8803105763218302 0.27293957498555466
120 1560 0 0 0 0.5675613001786312 -0.13382764321409102 0.6380088667480617 0.3627548836730221 0.6895219379769202 -0.003634156388782901 0.6791155078774971 0.5517653306755625 0.7586838551611856 -0.015040272255745179 0.7393501705795306 0.5318762171135311 0.7750852694422168 -0.5509529112794584 0.7703363958377067 -0.08477142501479543 0.777958206264868 0.36758196035698976 0.8593479965631773 -0.48906903457837225 0.8753904408843185 -0.02837523076505049 0.8803105763218302 0.27293957498555466
