% # columns="iter, evals, sigma, 0, fitness, xbest" seed=482608, Mon Oct 13 21:19:36 2025, <python>{}</python>
1 13 0.1988945363975263 0 39013.72196554961 0.519219404363223 -0.35283907586559454 0.3784118843551895 0.4312576070080735 0.5774009555823068 -0.23440866301417457 0.6036382990820321 -0.04362333709632171 0.9956689631170366 0.03588100862520269 0.716267263785845 0.1411362065511424 0.28397977299920946 -0.47420933442921354 0.6113947213786127 -0.07857150500664611 0.6294798921570192 0.4557976984498814 0.8322177443160932 -0.3313374015600137 1.1921054403123135 0.12495244179507228 0.46837729328349 0.33514851642939336
2 26 0.18997482140989796 0 24471.126211162908 0.3787026128236376 -0.5321485611153253 0.40058743256996837 0.31305437014347914 0.5351703830671994 -0.3292548609528032 0.5643662748656956 0.2553296208466885 0.7733289105195056 -0.2938208999490137 0.5487969673335393 0.17500673018805893 0.47629988497536613 -0.34790609354974744 0.52004594544519 0.1439832015609709 0.8886209686192168 0.5416158566928171 1.111541227457452 -0.2522182342322844 0.9742326035756721 -0.0416362178304919 0.4352267484421338 0.37308478773742304
3 39 0.18682722677900462 0 7452.904904205878 0.4604846011537319 -0.47879452357102226 0.18534588669078017 -0.0028589113074595773 0.05526312069095657 -0.02832771536726114 0.4875070800684295 0.38361220840863386 0.5079251086563481 -0.3775062864369005 0.7301468481824519 0.32541714694348745 0.49972930176799535 -0.42009286642850296 0.428900133167489 -0.25338593431796574 0.3748743260589013 0.45446659094770536 1.1541781743105832 -0.27305160203244405 1.1549652527017849 0.16062057576985578 0.29395380436409 0.23633200337171228
4 52 0.18230988404217552 0 4594.16160933627 0.3845364063721602 -0.35242767643060874 0.22431163590914344 0.12391619289566548 0.440442499577281 0.27434183473859736 0.7621111156119016 -0.16327133511677971 0.731784494431153 0.04935261557418011 0.7555150238680611 0.2449661374944619 0.6460015809528195 -0.3517330460641498 0.569930400522704 0.12036531243924854 0.42859920437130766 0.46345592710500844 0.9677550447510259 -0.378102383793376 0.9427467119962901 0.20421083267828405 0.42426112459874443 0.48217842916425746
5 65 0.17960579807037297 0 587.8416509426796 0.4669600239410334 -0.4908767318053384 0.45897317917949937 0.305729958612229 0.7048984168317352 0.31203092555539347 0.7554997269726949 0.2720903714419054 0.8908803919170467 -0.16190418173723925 0.5907904236648035 0.36322074553858535 0.7317932827202734 -0.22298853480385664 0.440817486882764 0.016906892529170596 0.7326379003094262 0.5872270865413031 0.9017479120173703 -0.15472653472244158 0.8103338640055127 -0.19720941781072773 0.4855018431962347 0.3309542285460956
6 78 0.17573831025039585 0 13818.648645095116 0.5278406389881071 -0.6387825620058487 0.543888905803562 -0.004449705030590778 0.5292181470151832 0.04152859325396134 0.5103924994374376 0.24053490785981418 0.9144191215408981 -0.24734704302855032 0.6742081395687792 0.262670874841403 0.3626521401444672 -0.370321344950147 0.6897129611000645 -0.18207905940948782 0.3143784807299865 0.3516543028039997 0.6859243104927851 -0.37742608724644716 0.9317909440409183 0.16118437669642982 0.14267504243880008 0.1469534057661933
7 91 0.17329615132949214 0 3587.7254519033086 0.6705057970820109 -0.12676201448441088 0.25759229180116616 0.31382096231133905 0.7233657661322324 -0.3326277407184513 0.6168068795887207 0.49008373137491335 0.9559119515018791 -0.4641068431196047 0.8040750094325272 0.26415085050083964 0.5179703984387254 0.04994224981695078 0.6473931198994297 -0.1049300077851916 0.560842101699874 0.14670812479189702 0.7728232707269812 -0.18096971509447532 0.9371504992285516 0.45213298239314326 0.4523344467972541 0.1926533247419179
8 104 0.17284438976269967 0 16.844738182850666 0.3665366850102274 -0.22951152873947234 0.8102792037036333 0.059777373283776636 0.6634666153905716 -0.22794827834084572 0.766204386555179 0.27350470221305767 0.8139087005978405 -0.3684490460466161 0.8917985479151476 0.08001589024940498 0.7989700224891002 -0.42146894366491927 0.5781878038852171 0.06093696085351359 0.2000694530883799 0.1562051365191812 0.6644674206799207 -0.28477003566013276 0.6698064410333305 -0.08955882519289321 0.7328340335205352 0.24659770661600416
9 117 0.16748832475334824 0 22.635108261208295 0.5831317844548191 -0.4033466311237106 0.42764657639187165 0.2709285165412105 0.8739022031431667 -0.11572592084815882 0.5887100865790074 0.14925017749485958 0.8679215805081129 -0.08861567740359044 0.7886099840620394 0.10435620264417297 0.6386237025224968 -0.07864579663883203 0.6017365346995729 -0.019437565569175558 0.3540383521394013 0.12973064965916387 0.7040187574917314 -0.11998069010057696 0.7779255855383221 0.27960310488686846 0.7728595391988381 0.2787204684834607
10 130 0.16474042015018478 0 23.124679478816983 0.6611077774860082 -0.07894035677071035 0.8481185327360738 0.37139137076609063 0.533610477951912 -0.021511246639538822 0.7806485419408178 0.2817003783073941 0.7385590174237506 -0.2132526011791762 0.6003275224088981 0.1876484092292997 0.6019175011925384 -0.30015204105237353 0.8005297386949044 0.2991977720728458 0.3880023978679889 0.03777577080626661 0.5032657126744083 -0.4692342342133685 0.6340097821764878 0.27717933418249185 0.5765545171831873 0.300122156081994
11 143 0.1634531003801948 0 21.806315484861063 0.6669875971809727 -0.12074638119895816 0.8635610396362667 0.27207548561271055 0.586438633741476 0.10292185672154439 0.9682127849108155 -0.16007999705034281 0.9272799211070006 -0.11594938740653943 0.5422562478973688 0.4796849842990269 0.5266030653392392 -0.3885549570697789 0.4559258167585652 0.06979272663661763 0.6021373870981985 0.19947655373813392 0.4613587834000603 -0.46290402755368326 0.5959473825155239 0.18271520091276655 0.8213524628248942 0.3093059548719245
12 156 0.15681996240304982 0 9.318640990735465 0.6639282902425856 -0.44225276797997354 0.6952865742381564 0.04916285751294139 0.6982511609768186 -0.26937039296814164 0.6581785494224507 0.12281414272114054 0.9927664687782852 -0.19121209949438447 0.6806592685579745 0.513752415425855 0.7082145581780189 -0.3638247287557025 0.7867712602066231 0.043850170437626415 0.4714381036975873 0.45466018578091266 0.5580084490010297 -0.3461445846328863 0.4647665148421383 0.33334306757032195 0.8912097617441881 0.40744117812279423
13 169 0.15560179832348342 0 16.329342350363422 0.6883892492033502 -0.4816349222771714 1.0156652802656383 0.2975563176977695 0.655537889631623 0.07215635401710749 0.8375568777439999 -0.03187210515470183 0.8273130455958783 -0.006735638418257514 0.5647784731936483 0.33110210471654605 0.7516114114075937 -0.27177185786938285 0.409433785313825 0.02785727859644449 0.5173786531511558 0.4766459145974934 0.6066895086493189 -0.458724140792947 0.5059945124831033 0.09215277878308978 0.8372296151984265 0.48033299065103996
14 182 0.15967493725965465 0 738.5844247998565 0.6305432559278353 -0.5685988156775097 1.0296006041864039 0.3973848527900772 0.7800713055071693 -0.1771640825064395 0.8882915640801896 0.3889120803723075 0.8646445494027125 0.1555804723984263 0.8143307071046889 0.407916229206408 0.6521383125531737 -0.17908359895127857 0.6256935446539293 0.12428919364399316 0.4139959748882279 0.03191237364955879 0.47564589418062586 -0.3272178845791331 0.21383431676242504 -0.12914022320905338 1.0661726924198232 0.19669622133360418
15 195 0.15745970372366502 0 12.890048645827095 0.9199674121412418 -0.41322670201303735 0.7484296998475275 0.45675946753193264 0.6825034264687463 -0.0720322622750209 0.9093439522833557 -0.1141046360951167 0.9334758050479363 0.17713193599227461 0.7194117377098169 0.35731913051568626 0.6821414090052507 -0.15824162336341827 0.5267375590092547 0.04648177102373868 0.43835954344502287 0.26116686622899365 0.8098549559034163 -0.48125722398464665 0.553196504974212 -0.2834710702093275 0.8893725749389401 0.4057892568786992
16 208 0.1524860311278174 0 2.2432706483283575 0.768596457870778 -0.43187958924499986 0.6693746684434766 0.5669758655402266 0.725290346207391 -0.42522932813622794 0.7088416251654583 0.2780941685150951 1.0002552200596626 -0.07953273760775847 0.7659915551346018 0.5763960744041781 0.6911333289252695 -0.375080823899573 0.6510956388463167 -0.23565009210750107 0.666596125278222 0.2563442868059294 0.6498974462543134 0.004496147626494307 0.6121976222468901 -0.08279741599608226 0.7507204499619663 0.3667370857356111
17 221 0.14579734994540433 0 7.101562310688292 0.7949376588192353 -0.5254329664369307 0.6110403171585657 0.6092174222117289 0.6497138437074433 -0.041770754676945104 0.7345862039981188 0.3258115301331984 0.7696682091047523 -0.054054987185235964 0.8982369132195327 0.4756187116977553 0.6641872964592795 0.012975088793648004 0.3170353511630951 -0.07288027572403803 0.6718100294228195 0.3098102657331291 0.7347912378481735 -0.33582916577368205 0.6888463314586268 -0.12471281867025799 0.8673702491521815 0.298634845138313
18 234 0.13883547892452852 0 4.960753670176801 0.5663372284428597 -0.5509680210949872 0.6242951513126492 0.4603107095506197 0.781186540851014 -0.1800424262964191 0.6911301259489878 0.26379042111740164 0.7753409719141529 -0.4009859670556102 0.8768497589218683 0.27566670571468777 0.8585081820734227 -0.12282844941417065 0.5059151771437314 0.01992043031711243 0.8204817756152513 0.18686331402640816 0.7809508728243328 -0.43203655790615414 0.785495898525028 -0.11803025777889595 0.8134256488947869 0.3418900690992193
19 247 0.1328152134389968 0 2.1909548708948456 0.5445121760083491 -0.5015017281423167 0.470864807088728 0.35217885086966605 0.533669647207788 -0.1366369255491291 0.5329304313740524 0.3002984786018933 0.6510160202711065 -0.40372492627028495 0.6054960202529744 0.38136060002585564 0.6844182924045938 -0.25077856288706074 0.5923942745260354 -0.24667893382586428 0.848156503175586 0.40439343268904393 0.8514730964501104 -0.23678671681062868 0.6277209632008197 0.12513690463977323 0.7388352392344189 0.4842166849350321
20 260 0.13116220901803682 0 7.086375775516588 0.5676990482106511 -0.11603285965396803 0.57160565417727 0.3991185491103408 0.7536031307482481 -0.1700543594453452 0.7892250386533651 0.18011176296120004 0.6783414745498342 -0.05536141857739574 0.7534177003130968 0.5341895637380261 0.6338776375170714 -0.11045602678453449 0.66610419447544 0.016613260446751876 0.8547285622927361 -0.0072600646849155515 0.9292250907575947 -0.17206801743992478 0.5840993018703768 0.013788672190473639 0.5508006672151697 0.03165086752080859
21 273 0.13132534704270746 0 8.437017709280951 0.38534331470527317 -0.3829490598191965 0.6483244639728988 0.27212390787847796 0.46750205126249994 -0.12357534789134138 0.8239568516247562 0.33803903420321824 0.7539429020880188 -0.2683344047215489 0.7335051122535802 0.23877180965753497 0.7304288288252542 -0.46746704210219564 0.6353738511123075 -0.2646551314895117 0.993350752684192 0.2671000065599901 0.8582051353329501 -0.20553445221718747 0.5507981296559007 0.1425660121433212 0.6821578426620668 0.17149941575506383
22 286 0.12691237677323033 0 3.9769182739576503 0.6089780315885956 -0.426584146651528 0.6419126368182291 0.23888444789410923 0.6318293809179485 -0.3354877093792644 0.6354031718230576 0.31183934784026185 0.654931914589876 -0.09725711989522515 0.6471564314119997 0.4510631554876803 0.5575099226947814 -0.17877726357581095 0.6107792803330592 -0.10619009659337822 0.943279707650964 0.19768333107356498 0.75991898728672 -0.1742671359131864 0.5081325622779445 0.08837307676776063 0.552027733336507 0.17810661140366466
23 299 0.11952322074493776 0 4.746280991926218 0.5482529246973902 -0.46666589711820955 0.574913108384418 0.28610855913001976 0.7397467193808885 -0.3373551775823673 0.7330353775572617 0.2481442977678325 0.8952712189144947 -0.11519505224069772 0.9866835791259263 0.3044064236189489 0.45488372483353806 -0.3533464820648202 0.595595455695132 -0.33903211388050775 0.7904239902394834 0.223150934210824 0.7247042984727013 -0.09751364706435957 0.6975154926695122 0.073071179114498 0.6700503698658086 0.2138276152640345
24 312 0.11389745656988881 0 5.263504061209961 0.6425413051403659 -0.37665066028315886 0.6899222315908345 0.2362612828318006 0.7879927115345802 -0.3858219251393823 0.6781759144564504 0.5451449130611572 0.9177093651491309 -0.3423548909129095 1.052368049607466 0.22015137235534735 0.8169814483928501 -0.40401681289661023 0.6079408753833412 -0.1115974459885599 0.9744538744354959 0.16042952608408356 0.8037170696788498 -0.41262253446591113 0.6664459299559704 -0.011161571221835871 0.5989501864618073 0.27916656034321097
25 325 0.11218810258983478 0 4.950949311539558 0.45656348726793583 -0.35232512511732555 0.715033655012795 0.2066782207803673 0.8215115976938514 -0.2974888419573948 0.8335948800415315 0.4555773304734113 1.0252479511002228 -0.17815346483791733 0.9576947062175485 0.23081825190935015 0.7762993379510613 -0.3192013203322288 0.6023048504879969 -0.20882096762501473 0.918561049295569 0.23497250158929128 0.8654258110940758 -0.30755970022745166 0.7093672166653866 0.01839143437200768 0.6142599904788929 0.2533467277273193
26 338 0.11015030616682299 0 2.751194479085819 0.6385532153572717 -0.43645193564337514 0.742633158373116 0.2570185818683593 0.8482408917948289 -0.22800072976211633 0.6835038013102017 0.33327813968465203 0.8479335324141479 0.006677994484351024 0.9082950629497046 0.3732895287410264 0.7760431383219487 -0.5658390936223996 0.6947240623425821 -0.20625608644581497 0.7278265464098469 0.19567254707138748 0.8591750729851939 -0.3739500524213741 0.830339870852966 0.10433834289480248 0.887862971676117 0.23050862824391488
27 351 0.10678560999985112 0 3.0335353865949686 0.5431440333434543 -0.3562982601262041 0.7102420098806889 0.27128491792342474 0.7677143666969909 -0.2908869492487198 0.7252890771126901 0.4164574326243604 0.7853306424722638 -0.19142263346216778 0.8025038341892449 0.46516672952417504 0.7474953439469787 -0.37964538857503405 0.8256097424462636 -0.4154681153302524 0.6516059206165875 0.35793813399460733 0.8452103149275942 -0.482329366407093 0.9578190732830854 0.0724022776920395 0.7771890263216954 0.23689346559628754
28 364 0.10325116454154273 0 3.982239362634635 0.5756694637067492 -0.44951601275284064 0.6240758609440219 0.5230285869766833 0.80211843428433 -0.009239482305151037 0.6912586447037273 0.4870577000394922 0.7730312734923129 -0.11444628544085023 0.6593727226474322 0.3844041139267107 0.7649400289338082 -0.3743670212275352 0.6492176812437315 -0.39013302717468823 0.7093251271650625 0.3085885105319231 0.7599853827094901 -0.2662375128241824 0.9082480172050035 0.07314080077007526 0.7578327987043595 0.08927095315898445
29 377 0.10086383181074556 0 1.5390395312775143 0.5632718185847877 -0.2916778524056133 0.5072204929299964 0.42018039612089747 0.705518658533277 -0.11667571083845787 0.6783003008828198 0.5178520010538277 0.7905284400026695 0.06309817027447148 0.7192885665949929 0.5453507093197216 0.8800992924613434 -0.42013259416046517 0.8017296442005085 -0.42446263422454994 0.8157511644341305 0.33439858852357346 0.6970546314204431 -0.3739366203714451 0.7136250992423059 -0.03769961090293139 0.7328486621435883 0.05778959972264602
30 390 0.09632992292875012 0 2.5730434896246606 0.6176679071613086 -0.4013319898783762 0.5631305681209121 0.3862740624120969 0.6627840157951828 -0.2018275147662582 0.5804802187888243 0.3936077757008927 0.771472716408537 -0.10387903079353097 0.8008319376601356 0.43969971452724 0.6917712934197333 -0.20075095357285494 0.7649699720523662 -0.174879242892524 0.6661616669107788 0.2641096552595424 0.7681055145475693 -0.35895559608082045 0.7188402922320039 -0.1859320518964056 0.6307540063554948 0.14787849880815357
31 403 0.09490970214741118 0 1.8072795073393157 0.5523357537723382 -0.4562178449071335 0.6172881798447012 0.5034782017807435 0.751726517856097 -0.13557574440406836 0.6695572530696801 0.45678696096662474 0.6261154538037318 -0.022020998841168718 0.7007094201828027 0.385585263829948 0.5631786396618692 -0.28744767616677697 0.7864246234836466 -0.5592577772852435 0.6645827766270066 0.2922130150389731 0.742650955215853 -0.3884278565981715 0.7583508966361302 -0.10354629188194686 0.8111233411798993 0.0927733849788171
32 416 0.09017538256394114 0 1.905756162729201 0.579576056011506 -0.4465585119664383 0.5674920528101951 0.4626868464233931 0.748057862339933 -0.20765016581987383 0.7920652758909897 0.5608539046815159 0.8772241832758259 -0.016461622895026062 0.8397110896290412 0.30769490507581293 0.5962452197730278 -0.3956579175362912 0.7177201778558566 -0.19462981438504715 0.7720791393445205 0.22835183180844856 0.8074634298326523 -0.2743344823951918 0.7062936338567379 -0.176556406714936 0.8334084315942472 0.19143990816567688
33 429 0.08635306759095121 0 1.5288031753851725 0.5386634081471872 -0.3603106721975685 0.7047575830793548 0.5078694544627604 0.7316527074737236 -0.09683059842626543 0.7578372408304271 0.6063767705065481 0.7404423918710907 -0.05853389795973618 0.8372067819404713 0.4347575870748934 0.7793764572903599 -0.3289439921782233 0.7698040836339364 -0.32334496649999106 0.7037931853280286 0.2697874322682093 0.8153981864931146 -0.42662076217425204 0.7552477744716423 -0.23598742573856224 0.8526705282503324 0.42338244429798955
34 442 0.08343181413704545 0 1.6363914689326788 0.6824789149672669 -0.3209638995513903 0.671142439455739 0.4847927549158772 0.6652427453809233 -0.3434986397795605 0.7115983125050989 0.6524128868621969 0.801514753866824 -0.012682629032323187 0.7426226856537917 0.3359549622720498 0.8117965632481171 -0.322460071041768 0.7209726263983857 -0.16308467469641344 0.889780157042273 0.20896485843765816 0.8510997573583754 -0.42690155467866714 0.7482869080044665 -0.1663531641736655 0.816991912741339 0.3413398380257107
35 455 0.07944138346526039 0 1.5944261158518083 0.7518148240843596 -0.4137797212643881 0.6809690130568246 0.3505358826765486 0.7941144060070993 -0.22660859139575434 0.7477408920640155 0.442488189792836 0.7261500134230139 0.0036045522474729697 0.7621472125168463 0.4114783894227314 0.670155678551476 -0.3739468052068283 0.6623059952823981 -0.26808617029956977 0.7737294770491425 0.1346827346507807 0.6722407535179586 -0.4554122647476027 0.8267037706950319 -0.013303909385041196 0.8555893539706677 0.33081050636018555
36 468 0.07601516479245543 0 1.03443842103003 0.560348680253715 -0.4019047275595524 0.5925803986161335 0.4374939397676914 0.7786659993613183 -0.17092934156521095 0.7845259267170707 0.5374214760202743 0.7354925484431892 0.053286281954281596 0.7350537635767567 0.5134416946571723 0.743158724348512 -0.42310042769035044 0.8270364808367544 -0.14869244670132015 0.7622771308712192 0.39632925350383 0.5586232334009148 -0.43537795630237447 0.7829484763803364 -0.1003390401723714 0.8615197724415244 0.2692593314605699
37 481 0.07569011866980607 0 1.2903337494547664 0.7569646214823822 -0.45054703573722177 0.7506618370386808 0.362215831332028 0.880526175516613 -0.3014392974419614 0.7693824298717852 0.41345449065878837 0.8374811775805906 0.06785628418319209 0.7582283990622739 0.4571196594475941 0.7858958777919274 -0.46936715437693644 0.751446755543111 -0.10083692118835245 0.7368065558866527 0.1902305186426551 0.5878482514739237 -0.45636457000629127 0.7273711004873628 -0.007046557856423233 0.915444823277561 0.3316931766383536
38 494 0.07496292422981736 0 1.8394595312797846 0.8074779070832565 -0.5044020094896051 0.7332555246029202 0.503626825601116 0.8448733767988826 -0.12041943005402832 0.7168276892142156 0.4146033194129624 0.8103141607186952 0.11201246842446524 0.7596529930471909 0.4865497807354661 0.695435228396941 -0.3361248480850906 0.8229435753764972 -0.2181606478277564 0.84921837848265 0.32290745004108945 0.6768357159134999 -0.39127272490033677 0.8097023704060351 -0.044039436907904 0.8351616857670541 0.3345532507513734
39 507 0.07044923282843343 0 1.363870885160416 0.613120160520291 -0.5305058343549618 0.6757258035173014 0.48742404580915233 0.8087144987339083 -0.1659912635106262 0.803595676661546 0.5000509189455978 0.6921420410639691 0.04778413727410938 0.7233577494956299 0.384195024673138 0.8227847567511367 -0.282451479621052 0.7459819909498023 -0.13933726189571807 0.6152813556090269 0.3088970726578434 0.7088228639061995 -0.3998325648529053 0.7785171235909729 -0.08284083222810001 0.8288420494438657 0.2852566942809214
40 520 0.06839511701335536 0 1.2194463980738852 0.6471139661642349 -0.3892410838780024 0.7488105307570919 0.5548040654524096 0.8184415362861907 -0.08571255310257075 0.7826195615350071 0.526020815156282 0.5948228110193385 0.12314963092418701 0.8075858505908597 0.48946085905547093 0.8103232665811468 -0.5028511771721317 0.7680117247919155 -0.1455290270342573 0.7663453252706177 0.3852747052643785 0.6955096068709767 -0.3798160523980343 0.81311954010097 -0.12649930299319379 0.9394982418751692 0.30561439273245883
41 533 0.06724655080319725 0 1.043506370067938 0.5812165145686923 -0.40671379987699935 0.6876977438650547 0.5339229347611589 0.7569312122062047 -0.08973897573093592 0.7028438879612292 0.6092601910627469 0.6361550188894471 0.1122756099414777 0.7218581866461424 0.41489127323116054 0.8472022012850857 -0.3668545015121359 0.8313312655805136 -0.32015452044603426 0.7653069855239732 0.35512154732337936 0.6308437213497938 -0.40799353571419167 0.843143819368114 -0.11842209242573828 0.855597307503775 0.2955272272598599
42 546 0.06382962452284763 0 1.020770682956966 0.5731766679274679 -0.35024931635681544 0.6331541469034863 0.48942533359196 0.8157282956079327 -0.10711217690305813 0.7705521716786876 0.5888823127141958 0.720999677246108 0.011540499741406515 0.7827162605298777 0.4685113580356369 0.7129138879336485 -0.4157843447250794 0.688992717475826 -0.15069178978528908 0.7788457033075976 0.48883837892842485 0.7843096666194189 -0.383523743557066 0.807638813467649 -0.12467260448210475 0.9376163363510276 0.296545476317596
43 559 0.060825518098643845 0 1.0894689162445608 0.5831930260209124 -0.4021932882633336 0.6792142175916627 0.5078424947190839 0.736843261318041 -0.07697730183058174 0.7457195451809903 0.53745566927607 0.7505426461243824 0.09935176750126964 0.6787557665492202 0.41327005368611786 0.6984499305461305 -0.3662094567264863 0.8825089710096875 -0.15356443545248294 0.834064253890839 0.3997255305911778 0.6719047049896041 -0.3892291018620315 0.7694588352749598 -0.09985132423712631 0.9597921954247334 0.30278031964369023
44 572 0.05666532595500983 0 0.841660039922012 0.5202916302704559 -0.51650105523492 0.6297319698607224 0.4392943521086308 0.8023350264177309 -0.0954742520182926 0.7565387701765635 0.5374465810771554 0.7322049888582199 0.10339648269976177 0.7739296674481079 0.47770497283359414 0.7761482664558309 -0.3660202799982171 0.7863583446450937 -0.2153998486219943 0.7825015576924141 0.3910952531818167 0.7440328595246595 -0.4972396758859476 0.7412859921174796 -0.0841172687383692 0.893830849554471 0.27930354175797384
45 585 0.053052000895220774 0 0.874190435071375 0.5832473787693799 -0.4352784823241361 0.7255958907900295 0.45108349512610524 0.812709815636772 -0.1321403198702636 0.8026544580211902 0.5933744891467914 0.677790191466794 0.025109517132397854 0.7596417829413875 0.44073225565575147 0.7906679511918575 -0.4608218470578781 0.8125973674943873 -0.1392152676013877 0.7677319652254232 0.23558645248810206 0.6534345467067264 -0.4603930868080922 0.7294205656890766 -0.029061871654200662 0.8936184265759461 0.37140840113340934
46 598 0.049396417939814835 0 0.8045702077381653 0.6063897797175459 -0.42978867754456973 0.7055649411428354 0.4966141748758765 0.8280032633523786 -0.09387055309746743 0.8048604332635678 0.5393566515728838 0.7186670421078563 0.05157780237704162 0.7281458337719391 0.4445004582237432 0.7915780970701896 -0.4341423082902102 0.8088297088780341 -0.23462034770985293 0.7283609878805171 0.3609283841164399 0.6638258913258188 -0.5453804374383214 0.6993086067137861 -0.023834170800296463 0.8647469355554239 0.3522973691562031
47 611 0.04643854958437242 0 0.8569072300064158 0.5852492875608283 -0.43164621884515975 0.6539805177124973 0.5461948818214932 0.7615781193979536 -0.08163853069732459 0.7661097796986844 0.49580354207461447 0.6993665363270001 0.017254309362833117 0.750766701868144 0.39275437606917313 0.7845215031140327 -0.4208656790766983 0.8321183385267743 -0.16458825271339672 0.7168467158897838 0.36935159986900973 0.6948450270181007 -0.3987295623933519 0.8063764481309582 -0.08324623899204812 0.875129630232544 0.40513739814964256
48 624 0.044243625302022686 0 0.8279438631450351 0.5297460953129267 -0.38137419676762996 0.6726653544305345 0.49694517293293455 0.7785138946024182 -0.14710777552895404 0.7885962910430713 0.5726952781706162 0.7295363156332583 0.0483904446662371 0.6885431422251677 0.5103459645042742 0.7156109969017457 -0.4644526384700549 0.7983090934231761 -0.1770600060687211 0.7562990085164683 0.3890472371723117 0.5939206735833283 -0.43612533639070783 0.6967902603836639 9.653937196957285e-05 0.9645404939517905 0.4344976144240362
49 637 0.04161279106592732 0 0.9205755878105526 0.5909348285656191 -0.4557828098317529 0.6496808140319063 0.48847829638186996 0.7891788506758964 -0.11427837680494343 0.7989197078760144 0.5133071009305398 0.6985857032741898 -0.03685762625555635 0.7665058097764434 0.41670278540105926 0.7580389990684508 -0.38773208945416215 0.7860340556331483 -0.1190958028762879 0.6835583067287786 0.3429327772681171 0.6365990072166177 -0.42462292721659134 0.7029958155367731 -0.035767648445795885 0.9524889707111478 0.3855681058112478
50 650 0.03833447064598019 0 0.7691695034469211 0.5826544506481901 -0.45298646274884025 0.6526646481846948 0.4700532981224698 0.7880364784902036 -0.08311951937465002 0.7939334743924557 0.5547704268727971 0.7279898342787168 0.00045900036203432807 0.7645384221812475 0.41495299514661477 0.8035547422719246 -0.37199348261356174 0.7849526033930239 -0.10155494880281962 0.7215787294241756 0.36453975768790153 0.6754581451755147 -0.44180717472161324 0.7567753363280592 -0.044950220681478886 0.8777122035190733 0.3633325454900432
51 663 0.035234304047804685 0 0.7283076344006306 0.5726900320123862 -0.4707262445701334 0.6684118165461637 0.48158309510686514 0.807368478027121 -0.10018229017070107 0.781436084717634 0.506334101984595 0.7341721720836314 0.03221761181014539 0.7143690139419908 0.450327127184454 0.7045014498935371 -0.4822595928277251 0.7576725229620532 -0.20291555584260332 0.7245818576302245 0.3279133887357114 0.6945379768339223 -0.45404734957704923 0.7510344296503942 -0.04905295873261274 0.9776101176447877 0.4149861288374274
52 676 0.03345750638260801 0 0.6879358687867405 0.5385889290612532 -0.3928794303487778 0.5963067555575144 0.44793373638684214 0.7754846022912925 -0.08721182400981614 0.7965131183639673 0.5519491930849554 0.7397558206372375 -0.03743556368122411 0.690420987528812 0.46197642640353337 0.7585389681613708 -0.407152853462751 0.7316486331826959 -0.12295891302821892 0.7306221661918528 0.3756989560531449 0.7310708040404686 -0.45730370909986506 0.819342116749173 -0.01621457837710346 0.9318114907975141 0.35537421818362125
53 689 0.03203137971806466 0 0.7030215975099621 0.5851562961466378 -0.41954841531579823 0.6756750749882265 0.4659733695459736 0.802818412518893 -0.0951576225903349 0.807331161481162 0.544536249416963 0.7658218361988521 -0.037152864484634805 0.7407313174230807 0.4590482534615856 0.718042340629381 -0.4317802361290593 0.7568191488877979 -0.16761514249136306 0.746658135818048 0.2836096130368133 0.7262437762104209 -0.4515087248334734 0.7424771708320298 0.03409593371050384 0.8828488974104751 0.34741303397172174
54 702 0.031343917772070996 0 0.7604269129810597 0.5646015705035062 -0.4480149444252201 0.706250068159738 0.5419477028577284 0.7469967830640296 -0.07926925600466819 0.7542741329109862 0.5256986322560785 0.7528664238919557 0.01700770256975568 0.7642080529087093 0.47905990753457006 0.7591545878142505 -0.38597754445283716 0.7656629054783879 -0.14058379471851923 0.7625324017665994 0.3532990845549588 0.7704788677909788 -0.4304215921164044 0.7702457891502702 -0.010872165157455533 0.9128393593220862 0.3035043912346531
55 715 0.032506698871232795 0 0.6970004639727372 0.5622826238965278 -0.44231832249702546 0.6225401505772716 0.462620163308359 0.7399649881568585 -0.08315940018606327 0.7201199080721002 0.5622024613306669 0.7956476627351952 -0.019384479474292452 0.7345133026194423 0.505162475523154 0.7690930938206851 -0.4341506470119091 0.8282379263446309 -0.1332832676390546 0.7779425320033074 0.2860002830159664 0.872018672457709 -0.4584115392250362 0.7648965303709508 0.04426324645385842 0.8782319685859775 0.3329669163532032
56 728 0.033255921157977195 0 0.6351831148907876 0.5985905857996708 -0.40110864427359016 0.6558856860302479 0.48701021689214047 0.7472686703138274 -0.09190952200152888 0.755984554914607 0.47734781196193476 0.7640847566192268 -0.0007309604143321512 0.7412180905165799 0.48707255389588416 0.786583758497237 -0.47246797613225255 0.7615623168044703 -0.15196872920963872 0.7691048539274618 0.28701660233166315 0.8097375242725287 -0.49753356992867087 0.7685161143484948 0.07773408848770531 0.8781774970351104 0.31322150285557543
57 741 0.03448542366610421 0 0.6131170940600932 0.542250224223887 -0.44906170237946735 0.6695320916796635 0.5074290915945526 0.7678912701408184 -0.03985773730368806 0.7524921715403267 0.5142991230959104 0.7813778316762144 -0.013807482971314223 0.7349451370932517 0.5397749225622992 0.7831429073535097 -0.47155199636366185 0.8286276945656507 -0.11069910814722474 0.75338908300973 0.35604559387244655 0.8229310372332871 -0.4624883431264114 0.8068021340816295 0.01099225583986866 0.9117498334015167 0.35189459548316476
58 754 0.0345535829323483 0 0.6129730656554105 0.5307716345164071 -0.4450744755746239 0.6042867316322066 0.4683763013626192 0.7616921845389446 -0.11115181183434722 0.7651183414861378 0.4861834012240377 0.7956981036479879 -0.006151422091273227 0.7420064826552502 0.4992236377901509 0.7567594001152472 -0.4254390016003471 0.736574648252945 -0.10427170245099791 0.7528837302510919 0.30984531652062314 0.780644488415283 -0.47242323297132943 0.8107354767582164 0.0021805361034718043 0.911250624814302 0.302450215167904
59 767 0.034266585629834256 0 0.6327639586764195 0.4731018251034493 -0.44464509901462473 0.5839578200023887 0.42855360087214356 0.7987194005220796 -0.12206731617689409 0.8221593728477588 0.5342131333264272 0.7838741092842307 -0.03656768594639428 0.7636481788737117 0.5045735928264938 0.7909055244805634 -0.43258118117681854 0.7956391413297617 -0.05542662612242314 0.7997461280872747 0.34672469554756297 0.7729458635840728 -0.4819213916920612 0.8102736670179993 0.031237433364544848 0.9147913500105053 0.34116927484014686
60 780 0.034891032069052266 0 0.6692329451193938 0.4517915248658608 -0.393488560804348 0.5498768036769314 0.4373165936897621 0.7783014126344072 -0.10010710772835801 0.7816021748868266 0.5474197180024702 0.7181848609875714 -0.10369210492370509 0.7448789728764513 0.5027875952557508 0.8020579486160597 -0.42444336034747543 0.7754038067585136 -0.07638600773177098 0.8093368075601668 0.2998812712949741 0.8003827738031007 -0.46053500840441697 0.8284675804581617 0.06279457775927869 0.9225926589640167 0.3285457739450723
61 793 0.03458651226378597 0 0.6214244650681133 0.4948845612359842 -0.4027260586054982 0.6197723968962974 0.4371020833318487 0.7392019814171464 -0.06312091157563823 0.7478898652737486 0.5061823424976233 0.7243840884051596 -0.07356474989978895 0.7747103504948746 0.5057230673917346 0.7879330917353039 -0.47069937744086177 0.8010806064553969 -0.08760251942806382 0.777690710009902 0.2826638436256703 0.7810232545406472 -0.5018307196795143 0.8109326711109421 0.036037153062646564 0.9525881815868557 0.32729735633475915
62 806 0.034676780202727284 0 0.5897931712690541 0.4847454003923381 -0.3859590967412424 0.5662893856168492 0.46443054588107746 0.7851387558571011 -0.05694934120238968 0.7594952395522712 0.5320021066501732 0.7648447529287122 -0.11240094922717406 0.7016238296907982 0.44490635857684857 0.7462947157169024 -0.47038015263672944 0.7442077602494039 -0.07892974690805561 0.7960407760778055 0.2691661740525943 0.8054715077319465 -0.5058671845769028 0.7727420613750094 0.03526705653105681 0.8934002932137934 0.2955766890670676
63 819 0.034854194435138604 0 0.5661147125500606 0.47390509662050173 -0.33811402424907777 0.577511422186811 0.4528049388408311 0.7629623706284218 -0.0810736294728549 0.7813432207071751 0.4888173008248455 0.7610359914881867 -0.10665086090499085 0.7493012926744029 0.4004314580839119 0.7526012466146775 -0.4943409448088566 0.7667956055758887 -0.0626645205968749 0.7935960282363034 0.2844745176648652 0.8140397130409196 -0.5275653198550118 0.7854606566788526 -0.003085193534145665 0.9202076609178959 0.3080870937077082
64 832 0.0348715083526429 0 0.5793051062988998 0.4938784799406949 -0.37133405812134096 0.5433458090426684 0.40653674604500123 0.7483820085126448 -0.05013274158835618 0.7751363784173311 0.5044551055400927 0.7918380032524052 -0.14812342075553764 0.7447443466781949 0.4557975192339692 0.7521750664905485 -0.5116421097210714 0.7577115884502806 -0.06330540688856856 0.8387102743198105 0.3350008975029361 0.8356889450758659 -0.5422879175674103 0.8157753875386378 0.0023294890397148674 0.8854204356049187 0.3097128351016339
65 845 0.035563464260819855 0 0.6169647273807436 0.5256840153458946 -0.3381090475123352 0.5476081138544024 0.36867804381797714 0.7770725125792934 -0.08532470363461023 0.7915756473218325 0.5115916738064498 0.7775392560607058 -0.13943599715860902 0.7078505928985342 0.45509836957874694 0.7656061576775773 -0.47098657914065745 0.7572476468506631 -0.032890258502202646 0.8506509210775719 0.34646581811663113 0.8217324196998846 -0.5606840619264034 0.7870671768734219 -0.011445167253872714 0.8543502894930134 0.31919951992586953
66 858 0.03534475170432247 0 0.5549531292405309 0.5098361954990663 -0.3607601737631597 0.5679091569095226 0.40192234372682245 0.7591896894487795 -0.0719963258033582 0.7768238446121563 0.518684468792749 0.7874210165345272 -0.1089982095901066 0.7560529916830976 0.43642870969429254 0.7756562087507861 -0.47640622724061676 0.763219344734103 -0.05121451406268726 0.7797645495866685 0.39386390061828236 0.7996161571144108 -0.4912746230489927 0.8682829792293014 0.047813275869023134 0.8094949575457414 0.3753246072533989
67 871 0.03496937993967228 0 0.5523044131767365 0.5021494474052903 -0.36569673440952905 0.605649722679163 0.38824396483020657 0.7509937928327 -0.06465195743904056 0.7479713929008477 0.5278761044250637 0.7491683887445089 -0.08552287844866847 0.730039460749254 0.4824768391943546 0.7808868822528264 -0.44062205082968153 0.7804526465301296 0.011985912469106928 0.7935295376811984 0.39758587383036426 0.8248113584910554 -0.5218051031571616 0.8441063406680124 0.05553137294781721 0.8348800543182174 0.3628215495280635
68 884 0.034147925607580676 0 0.5449702673210078 0.46358469328238827 -0.3637470754889675 0.54490550459502 0.4026400375673809 0.7188923661098361 -0.026675538497155205 0.7340077518400957 0.569476638266248 0.7194777997363982 -0.12016965398687426 0.6734451346278457 0.4995853691474783 0.7385111612791402 -0.44483659373925455 0.7289325184367846 -0.06112823637350931 0.8091901279408676 0.3341485529843273 0.8593686997043828 -0.5175064764333965 0.8171621560527496 0.080623978868113 0.8567214428810744 0.36584680573535544
69 897 0.03302416837255893 0 0.5005298939552703 0.45936925104488724 -0.34852444884116995 0.5713170656452152 0.35365295965986915 0.769056826238443 -0.04595563018910038 0.7401558335556558 0.5841850217639784 0.7563240504594618 -0.08701767198838493 0.7128944030881377 0.46706244308848827 0.7485481073594441 -0.4370561870172292 0.7513669682858587 -0.03510486463543526 0.7983026344433041 0.3905450948630599 0.8507440174662592 -0.530260736251496 0.8322399032574547 0.06742963763623487 0.9362093915529652 0.34522577399154214
70 910 0.03225320681094614 0 0.5370028649496514 0.45634792170661864 -0.3737691260706671 0.5729219749564161 0.388396478980226 0.7423832231086948 -0.04206790981328462 0.7718132115310846 0.5499736787345468 0.7577738627711064 -0.11934596845021922 0.7116117457522902 0.49624530049528337 0.7398931409504231 -0.4750619070255322 0.761410562604483 -0.09507879464095742 0.7747673935465389 0.4254631986744764 0.8780482408523063 -0.49737921702733606 0.9082660935973264 0.07924576949852166 0.8873021602405776 0.31167706975741477
71 923 0.03052878104260629 0 0.5128513547213858 0.48236405513610403 -0.34220403093240986 0.5857396137314472 0.39377609920114465 0.7506974582317056 -0.09780680099107557 0.7661029319988403 0.5431329245393864 0.7756423119687872 -0.05339132000738175 0.7206140370026717 0.5522526264102627 0.7315504604111251 -0.446098232728497 0.7577899404606477 -0.02240314990100209 0.8053004527427504 0.3642514281020461 0.8401348604410472 -0.5496884219522361 0.8180976458901869 0.03823722504111027 0.8621878363835372 0.30108876188097405
72 936 0.029697897373074406 0 0.5228295215509365 0.45407902283161555 -0.3003554608080872 0.5860674432691894 0.4172624711210232 0.7301741540259435 -0.07510125857475582 0.7384346166080318 0.5340688190345962 0.7619106808818065 -0.08891765250542825 0.7098413113426676 0.5397334403621815 0.7394308756225287 -0.4533864244113889 0.7387531804865657 -0.022842962534234297 0.7829227080460488 0.4307419379754075 0.8710035728772204 -0.5186961670872927 0.8582449189434799 0.11206791532292835 0.8642060724352881 0.3065083847777197
73 949 0.02818376022905129 0 0.5230701109705621 0.5159031607847376 -0.33150305811532776 0.5522277524803222 0.4054757288746322 0.7363982469729284 -0.0748430483576996 0.7199962855289275 0.5816370143834435 0.7490816583889012 -0.07168782946636482 0.7014372983567524 0.5173980516323722 0.7402545793637858 -0.460662602202463 0.7447130240823687 -0.07878983568984602 0.7802165661009559 0.3760955415960107 0.847557148517012 -0.460250391591026 0.8349997733203884 0.055173303740065356 0.870873101332397 0.3331160852378574
74 962 0.026979350805627245 0 0.5198937934622425 0.4485333511297208 -0.34052874125665117 0.5487970352241436 0.3915110900996687 0.6988162335154735 -0.08263115643722596 0.7513774566464219 0.5593981127195713 0.7588038717015962 -0.11290905993123368 0.6741608609249528 0.4966588995183163 0.7130558591998795 -0.45023192945295676 0.7393856278335028 -0.038883450353594716 0.7545807318166025 0.3576501407486371 0.8871512259370657 -0.4944327615322315 0.8403657671159742 0.0921860219594311 0.8659345881209902 0.3249432947685188
75 975 0.026869590875917122 0 0.5037127248667316 0.5184538079796142 -0.31145738111863963 0.5749753382735256 0.39484503240941515 0.7204135441159385 -0.045405013159883476 0.7134257334872202 0.5793161136293628 0.8100531821717302 -0.14235452421585215 0.6939739649235466 0.5243199793951376 0.7278850808055148 -0.46975778837393184 0.7615965490617581 -0.07769779889487093 0.7507150920549548 0.38314220468039145 0.9128667766409284 -0.4851859751001249 0.8367821419367089 0.06074036039315123 0.8744346015451219 0.28983872226600094
76 988 0.026439801255647474 0 0.5030253514384002 0.4906194831357049 -0.33825117635498775 0.5800305875482895 0.3616385910630695 0.7230899040679595 -0.042537465551890086 0.7338913325913279 0.5316356761843485 0.7629906389705037 -0.09159653810704764 0.7040758405292789 0.5225132915225287 0.73406160838524 -0.46865820356441973 0.763429525272631 -0.0644825900104464 0.7635664058135386 0.4247995113033391 0.8891148642383025 -0.4439731038189024 0.8055345204142205 0.07599149287241616 0.9222232464922889 0.2862879678108682
77 1001 0.02624855550689845 0 0.4724115156708768 0.5227843328320352 -0.308850581499009 0.5898301075203328 0.39998712825946353 0.7102430032680171 0.027452447729091264 0.7254684343885291 0.5413015083317685 0.790651193540016 -0.1007096939585245 0.7273911911036961 0.49377154833495984 0.7505010890286167 -0.4528301700124353 0.7527092685400919 -0.09083351155195195 0.7599073876469924 0.38184996309694025 0.8445121500954926 -0.4929922242285094 0.8403239130561224 0.05034362107897472 0.9222550093082955 0.29903263272481717
78 1014 0.02572117751241254 0 0.4937391376627247 0.4958773952723012 -0.31934942485871165 0.6113256934000818 0.40938494028551964 0.702897374475284 -0.014009376628757385 0.7435340172626937 0.5389061285283281 0.7966952458553362 -0.10467724138808215 0.7038178430088516 0.5691600806708084 0.7338233814657005 -0.522264862437515 0.7552328800870795 -0.10306917401360655 0.7991448622765438 0.38640966257972226 0.8853774623325333 -0.48324791022105673 0.871852680623344 0.0803106006769226 0.9041114919203632 0.2877706350779469
79 1027 0.02551911310165181 0 0.48695117652320663 0.520733035528817 -0.2879233406004168 0.5947034461088476 0.396862477347378 0.717783213451254 -0.012345996136369851 0.7141100206476091 0.5517165212588652 0.7508157081083097 -0.10803698759775117 0.6931457251560431 0.5487249160354974 0.7185920728010009 -0.4920222487054549 0.8101628157717993 -0.022013440023613537 0.8036100723752246 0.38714770167594426 0.8246510459150437 -0.5090572455784856 0.8181846966807408 0.06863923590358117 0.9003750922949011 0.3011211162921997
80 1040 0.024802481784649066 0 0.48570787203285376 0.5094333102018285 -0.28451810636410374 0.6204237888527278 0.4031591351135425 0.7067854946106488 -0.03152419705987045 0.7314070693673518 0.5570895045850658 0.779874021381848 -0.10220739485911212 0.7538232668069927 0.5525988390818595 0.7726371751043714 -0.5123700716438313 0.8020194498488689 -0.10435315143701496 0.7625691292425847 0.3598572338961451 0.8508773365922785 -0.5158484882894779 0.8084755059913695 0.06465157637049615 0.875181243569483 0.31743330798658487
81 1053 0.0247092975961781 0 0.4630992871036125 0.5196015916011987 -0.29680767922002504 0.604209817272792 0.4031160085120784 0.6678119864541952 -0.013751173126733483 0.6832554551439143 0.5672598835331361 0.7720765379971808 -0.0723197654575812 0.7195017356260343 0.5698476519062701 0.7747130033626599 -0.5046684921380848 0.7864871851678751 -0.09180830120064272 0.7511617369433841 0.3576759017654154 0.8537233230338624 -0.450798647830446 0.7968007063247634 0.07242369117761235 0.912625045779465 0.29611075916403873
82 1066 0.024668412878581805 0 0.461144265887943 0.5229816993459909 -0.2848745336935119 0.5948055613696971 0.391693867503257 0.6920248135557283 -0.024560179052859128 0.7291212139869453 0.5627033529521575 0.788590222562945 -0.040398845481161946 0.7621375743741492 0.5897687592581251 0.7923502913221919 -0.5126787384972182 0.8070472176452421 -0.12274240118399873 0.7848605806917553 0.39096847711616806 0.8722216513152183 -0.46934136958779216 0.8178225534970739 0.08416042489781934 0.919468458501454 0.3053394403335364
83 1079 0.02463184411352693 0 0.4840625929556436 0.5234238493004539 -0.25565168687972456 0.5825130443652322 0.42508379154581055 0.6821122108687658 -0.0065336520827144855 0.7198746437610022 0.5617301073862834 0.8025023331250806 -0.055962265707295025 0.748553529470901 0.5917921306906382 0.7795840718224439 -0.5378038247900563 0.7933810799440716 -0.06857328063505072 0.7796269508414235 0.37027621724684256 0.8217932828971117 -0.5044651684015251 0.8171087311256058 0.06139358163426306 0.9037841163461422 0.3051208235962212
84 1092 0.0249714488666387 0 0.4845997578950805 0.529286678245122 -0.30656467814287264 0.6055715021113556 0.3516236429573503 0.6800034774538037 -0.015032746533513013 0.7006260706724585 0.627090799382634 0.8119737688273133 -0.017340059513555953 0.7748924187291863 0.5644814671964781 0.8019732438685555 -0.523970093744407 0.8057386266831477 -0.08279578522884126 0.7601484576837336 0.36866887629620615 0.8710611299855788 -0.5115543190328816 0.8576292198547552 0.06106673561689558 0.9039419888782925 0.27435089683017955
85 1105 0.02428568481138151 0 0.474093951529019 0.48345084917689257 -0.2842751213881344 0.5741317893518235 0.3671850515984552 0.6713325455208766 -0.01799867390857385 0.6940962388274671 0.545247343438239 0.7747484527937328 -0.04960047378460482 0.7572882407610635 0.5727219558844382 0.7664071345862921 -0.5297024457713135 0.8024445529096672 -0.07020354470204587 0.7715044422563576 0.3776980247081847 0.8110825333875383 -0.4788266350030866 0.8096218251005821 0.028718727100560504 0.877992845225757 0.2854971196992258
86 1118 0.023314745430125974 0 0.4389051710450901 0.4865583260527444 -0.29213787665085994 0.5670252104894591 0.387335148718046 0.6741712908081847 -0.022459640596356623 0.6926904628746048 0.5401701184193896 0.7989952453920062 -0.07377830477406525 0.7364038769424842 0.5553398972916022 0.7654453826032106 -0.4861845422113017 0.7940355642699374 -0.08186078525004133 0.7749883324546526 0.38439791227286185 0.8645593662803135 -0.508271356123288 0.848096577917007 0.047130196973241875 0.9063360747111466 0.28984377843898956
87 1131 0.02292883714262219 0 0.450644627854826 0.4949165876025515 -0.2998486152458023 0.5724210357999387 0.3877113176543741 0.6963044652607292 -0.0017708484474101456 0.6722611292133607 0.5628397903099269 0.7865418707854628 -0.028510855198159435 0.7437858735434311 0.5419440963863381 0.7905882678372809 -0.46759321243144303 0.8111581353449792 -0.09983724639063851 0.7773545046761665 0.38486834553122606 0.865255582578378 -0.4712026941131922 0.8258669818629315 0.010875342082696995 0.9180526929042877 0.23617857173703483
88 1144 0.023447239995466194 0 0.4436877843443357 0.45224149345768927 -0.2862596078682103 0.571741182891119 0.33654614908952096 0.6582131012853745 0.012627937116866217 0.6734483376726232 0.5554589820313267 0.8034185130231112 -0.03892374232466644 0.7733715134800134 0.5385969420191947 0.8058025621193619 -0.4905104703055466 0.7858652576264841 -0.0503146232335607 0.7602730032311368 0.4065955403131958 0.8380450812965404 -0.48211300332319457 0.818500257768168 -0.014095410622442555 0.9220195054427538 0.24107523797939473
89 1157 0.024062639724297064 0 0.4248931414235261 0.47833922722735756 -0.24650156043656357 0.6149022168234968 0.3248513349519174 0.6639269434787067 0.023608407730519747 0.660633777461052 0.597476066257674 0.7582820789372611 0.0071419875806276074 0.7755696715367665 0.5393311088966599 0.796951339460961 -0.49665829548467416 0.78642623996249 -0.08733976809113697 0.743339843707742 0.39923918932283414 0.850592916256286 -0.4695745731296503 0.8316360555493477 -0.0006614188275889978 0.9186001494788076 0.24666116521486775
90 1170 0.023679814517448154 0 0.4410066871761931 0.4646884717287917 -0.25545546806269637 0.6054870482845416 0.3588450818075421 0.667760697611499 -0.00941781031144173 0.7136888777161545 0.5863742764146386 0.7816439638447675 -0.009325962542693338 0.7414100662829928 0.5457870794033785 0.7953174734462234 -0.5032344241443221 0.7963742777583416 -0.07809033135527922 0.7544194883605342 0.3907701616278805 0.8508315042401038 -0.4704127462908713 0.8356249568219202 0.0016963465044706819 0.9126113794706194 0.2595789785675071
91 1183 0.02263917197959049 0 0.44711568021504744 0.484986786713621 -0.259531610051339 0.5827354157670511 0.36034053517162146 0.685688670789756 -0.017171963153582437 0.6711861175518954 0.5732846447980953 0.7314535023812336 -0.030593509139009774 0.7570070276851565 0.5575086198174244 0.8006260323360294 -0.5201673828314651 0.8200386832406715 -0.0720500661994952 0.7647840643384218 0.37685478704263353 0.87356421778845 -0.5183900316815122 0.8396878350441714 0.02250063948130141 0.9205150703087329 0.23093542013161603
92 1196 0.022206562222828748 0 0.41465138830099024 0.46763095061511495 -0.22244403822233103 0.5623406070884986 0.33638639050163127 0.68868128249164 -0.017714593263772383 0.6893294140009978 0.5599104051241776 0.7645378390688807 -0.025534902715407523 0.7278537928690902 0.5429766765521868 0.755865296052741 -0.5268109638536543 0.7869203872247038 -0.09176373667563052 0.7541088540282259 0.38159700286776005 0.8328435340585052 -0.4824949313852977 0.8524918616285654 -0.019119651867777403 0.9266360522110265 0.26717786383200004
93 1209 0.022036240583698394 0 0.4467918065217106 0.5075896367803946 -0.23080756218797938 0.6016911860972898 0.31725742145007363 0.6782099864907438 0.01506767018735476 0.6852214678530142 0.6049898009499995 0.7553826353492775 -0.005716243514957165 0.7330873663770768 0.5441104828990746 0.796302564107832 -0.47907634988379433 0.7929851100839815 -0.05398105819984447 0.7691882936158868 0.3925737598160193 0.8122973276297821 -0.5144714857285534 0.8436250230002328 -0.020735944144625762 0.9342068806041575 0.24916474013689222
94 1222 0.02166583663742601 0 0.4189169554830644 0.48071496663139823 -0.22063339867690207 0.5979163794285188 0.31549635649778557 0.6825787150718857 -0.01000943148113118 0.6884044195612813 0.5982300699410084 0.7585534353175559 0.00035597447190021184 0.7560095215351678 0.550399477717626 0.8034456906184851 -0.5288982954137801 0.7907155148370268 -0.09648886379709021 0.7800900419608884 0.3672415853836177 0.8562691354021934 -0.4894504927712853 0.8804138732674793 0.01984509550221897 0.9228787843934491 0.2299351889827188
95 1235 0.02132685295113954 0 0.4334534803053971 0.47286908021353125 -0.21375450218555414 0.6254558496151427 0.30818322261209435 0.6795174362222249 -0.014232129317722053 0.6842284979863744 0.585775589219457 0.7584316338693788 -0.051766578433559245 0.7566253580209462 0.5330370424654585 0.7976450570625445 -0.5200185072920366 0.7685276896729015 -0.10113599181042646 0.7763490895683276 0.39757542420035463 0.8752328493715116 -0.48715863620010647 0.8874270790127239 0.03752764222886698 0.9143339953337687 0.26695347382927687
96 1248 0.02070251194648423 0 0.44636668345982555 0.5152286524216187 -0.2752933041261938 0.5791524352785532 0.3586509433008089 0.7120505992144719 -0.023856040837146413 0.7012999751936286 0.5527162864898592 0.7682227848573498 -0.022962039405026013 0.7378565773484775 0.5531646572824267 0.7879035707084044 -0.5132719577949673 0.8058118856295858 -0.1263360113022476 0.7908210020178262 0.3867368220586661 0.8528112951194099 -0.46899387163390094 0.8524808997538295 0.003353102913710465 0.9032193059591831 0.28643941023802727
97 1261 0.02079958525321408 0 0.4156451067320319 0.4937196964286996 -0.16408717797758238 0.5565069549493796 0.36040612904676084 0.7126083972598852 -0.003057175027743362 0.6922980461636791 0.5456446889360898 0.7555029190411414 -0.050033373199701886 0.7390724633036097 0.5633758110527208 0.7725994651500192 -0.5355973235684983 0.7843290133472657 -0.10434787024968946 0.7878776058795132 0.35403650474609993 0.8778974770972725 -0.5065454927422115 0.8524491993035074 -0.008021449736416778 0.8661964871057256 0.2946913814671186
98 1274 0.020733116156561423 0 0.407327559728197 0.5213618667525617 -0.18980759040276535 0.5871091654294561 0.31804293055577926 0.7095604663577693 -0.03706815599882596 0.7055734289549237 0.5583319743562638 0.7709033673832396 -0.039036973629543295 0.7441052506416534 0.5357602248925306 0.7740462702036177 -0.5136953641032918 0.8158419377686911 -0.0963551781442759 0.7972723684753953 0.34495909653468465 0.8676872173540988 -0.47914036618300415 0.8566441784041237 0.0069355930407757616 0.8773904158140873 0.2890507650128389
99 1287 0.02055382640959966 0 0.40125106874177224 0.4982433963027244 -0.17902761448891263 0.5933801686822244 0.37101445229628205 0.7017710156511222 -0.014874254081054167 0.6860078769420792 0.5738884297947902 0.7478982102339677 -0.0034207805937136737 0.7498131543052333 0.5329195632437591 0.7906133425602807 -0.5349389741324123 0.7932083349706733 -0.11268980094791475 0.798968997734919 0.3496749838649827 0.8681291984823625 -0.5056536007717222 0.8617709207289965 -0.009972640871073045 0.8858191338632289 0.2622214936909836
100 1300 0.02004589150505266 0 0.4144447121126467 0.4940045381726636 -0.1881574792746142 0.6052424238191477 0.3459438734084148 0.7070531432040635 -0.03442753137481324 0.7013600544882398 0.5514982646440362 0.7452701707262246 -0.05076267624561944 0.7349296538101286 0.5107115284220335 0.7803512336235863 -0.5346070014942739 0.7796540569537713 -0.10902691919554224 0.7742630567621601 0.3639179446888334 0.8791206438407023 -0.48362193769341655 0.8782210189604445 -0.017029030494744298 0.8920731109236898 0.23875236412858036
101 1313 0.019927407743990624 0 0.4045279950232132 0.5297280291402628 -0.165714965332789 0.6260750758002661 0.3618192364759893 0.6759028541427985 -0.023609729195202104 0.6900162664991062 0.5959574183144355 0.7553714061220891 0.010141682762793931 0.7420580409372032 0.534783185044269 0.7726355890584239 -0.5343687666611524 0.7842802939099877 -0.12221221800857103 0.7945373022632896 0.38227522353810095 0.8754349477692318 -0.4980678349408694 0.9186502088444221 -0.0011118397995625788 0.8903632207684824 0.27762460486097634
102 1326 0.0200808149016598 0 0.449156085755155 0.5388677808220033 -0.15418268402992932 0.6390979413320109 0.36151942584832414 0.6880940392431152 -0.042129023326337375 0.726602073872651 0.5478539604732 0.7453632363655367 -0.00952982573431603 0.7391788431612487 0.5493129002399939 0.7931810064242878 -0.5248803270131245 0.8068656109683586 -0.07525393908095965 0.7992713817529447 0.3473627079416978 0.898260417980089 -0.49003843216887977 0.8860900181395253 -0.01022247168706847 0.8688611166230259 0.2419907166258225
103 1339 0.019985816323383546 0 0.41268890663378577 0.5208099816065989 -0.1597867248612515 0.6223965647476117 0.3756103710288678 0.6742068700755962 0.00043921026830702134 0.7070919090389276 0.5370621493641053 0.760158382843475 -0.017964210288140207 0.7266293502265339 0.5096352414101271 0.7612992792798312 -0.5341898852730914 0.7800397445687984 -0.10440538087971359 0.8055022248571483 0.36664312967701823 0.8768304974941772 -0.49420449203442846 0.8948937382432364 0.005486919175069997 0.8726438995377107 0.2633354875669007
104 1352 0.019798137750880945 0 0.44165971312731667 0.5332411838538171 -0.1799164421771276 0.6327724707348247 0.3852437984434181 0.6843504650792546 -0.0172268059135968 0.6997883242210332 0.5536539281247155 0.7686096042876562 0.0014816104307237292 0.7160750621817425 0.5180971243272889 0.7709233283293645 -0.5584904876739007 0.7698994986700533 -0.0890794701638057 0.7952005464680845 0.3795504431084308 0.8816211220120336 -0.46626269340360327 0.9123966642825292 -0.00850480840903464 0.8970552493262206 0.22690899098180087
105 1365 0.018868345290678865 0 0.4137662423138535 0.536989546624906 -0.16472689833568496 0.6239877111761565 0.3558757113629138 0.6878887959602161 -0.010852015589664761 0.7057181932040117 0.5581401774783468 0.7719384698171569 -0.047885182120127136 0.7318932424091299 0.5412749460897771 0.7693663852884596 -0.54475604375715 0.8167344099791067 -0.10045477224350086 0.801705048970312 0.38401215096427577 0.8700179939046495 -0.47142164348275306 0.8779163848994342 -0.0008308937998051831 0.8908271879240999 0.22588630158897638
106 1378 0.018444702723536828 0 0.41210201121368417 0.56567440027945 -0.16077105014977872 0.6518791732948582 0.3730930201121932 0.6953640818984149 -0.005073672282294882 0.6930740178739975 0.5714078288929476 0.7607933900984469 0.019605838327101523 0.7408570504865224 0.5307658053105421 0.7691970263353634 -0.5356887785336354 0.783638870215384 -0.13908402975634937 0.7952071640169202 0.380071155289212 0.8716979433758324 -0.45080404563254534 0.9145869001754177 -0.0055664090064028275 0.8786616701340996 0.25974817037358305
107 1391 0.018097072017829834 0 0.4213048475268101 0.5670920800705052 -0.17233253003274654 0.6356662112639873 0.35050557559771633 0.680196123959705 0.029799011571419516 0.6947885323828786 0.5636124028292859 0.7429904513566723 0.015719888636242435 0.7296752341418661 0.5204806480302812 0.7632159082128503 -0.5416606987578261 0.7954501351234288 -0.13414599906961155 0.7940421207094521 0.3958457875894211 0.8494872034983193 -0.45020392411909643 0.9090035535538545 -0.01930068013697267 0.8767318500388815 0.26205188111997385
108 1404 0.01763506621589515 0 0.39383157264681823 0.5557945035448353 -0.15835050493180597 0.6327381852976945 0.3690784009088097 0.6856776473959912 0.016045008912832403 0.6832472387125113 0.5677324071919291 0.7544024082242132 0.05104782845966223 0.753644521646503 0.532795620579977 0.7862999477586269 -0.5665992483463562 0.7988452323899818 -0.13089096657839314 0.79453796842904 0.36240560643908093 0.8668451433088099 -0.4637948752017897 0.8966559953446698 -0.01707786596202969 0.8647188833406038 0.2531935186709685
109 1417 0.01674506804130251 0 0.4169210020929236 0.549625069720835 -0.17318416635377118 0.6184502150954496 0.37607399574088685 0.6832982327645891 0.004832516344166413 0.702446565509968 0.5609118303261218 0.7449793805462808 0.01805383191558553 0.7341893630264785 0.530460928522164 0.7563421005249414 -0.5578152753112198 0.8001374792252337 -0.11639832845906055 0.8069356603198318 0.3781142651625613 0.889385837395681 -0.4634751087997466 0.8821464095371438 -0.013389948379809637 0.8678538135783653 0.26395063296628674
110 1430 0.01572920522219754 0 0.4180152678563046 0.5488176597281395 -0.15137360195900426 0.6229357355762559 0.3546441302676946 0.6715684347464573 0.015069361381594388 0.6809305400485488 0.54468014569402 0.7683420372468487 -0.015298721801161264 0.7270464269123692 0.5344713554676067 0.7653234412245096 -0.5630050338984376 0.7805138916296415 -0.12009979505774517 0.796094806916089 0.3745486366837155 0.8581372960367026 -0.47796430220735664 0.8586661151570204 0.014374280814012964 0.8858682854103302 0.26355741961607887
111 1443 0.014798146591282535 0 0.3923045073962148 0.5593284194149265 -0.15303537301241557 0.6245221463315832 0.37143313010824536 0.6748216677662938 -0.0008533775506950614 0.6703513667755906 0.5406616116911424 0.7475387035228529 0.014204677713219404 0.7199723306280762 0.5276692814504337 0.7539937421560121 -0.5439542540939487 0.7855177971314435 -0.13016122942208852 0.7935896980185431 0.3666286477957108 0.8716146681896529 -0.4581002721763383 0.8690360447359122 -0.018628809356941386 0.8801239753058049 0.26425689179102124
112 1456 0.014390818958874235 0 0.3979579933986236 0.5568109937708524 -0.15570974631525344 0.593431584818318 0.3860796583850381 0.6544899807032889 -0.01194017170082301 0.669095338139014 0.5482837800234297 0.7349739005179151 -0.005481038545500068 0.7185886127641068 0.5345773064739866 0.7356467552074674 -0.538458741462118 0.7944039822563855 -0.13706210141140857 0.7858877158308144 0.3660176031942529 0.8619590473439026 -0.4527586069782747 0.8761941027965995 -0.018910841373322378 0.8564892189531425 0.2778806882152668
113 1469 0.014211755730026811 0 0.3839795577238819 0.5629971784725543 -0.1481451179025453 0.6266284151283449 0.3455761959045288 0.675658100625804 -0.004324760891274573 0.6790584822619892 0.5578462245130437 0.7539883825311571 -0.0028037987517375313 0.7242797498703469 0.535631893017067 0.7682751209525953 -0.552664467066882 0.775242456455931 -0.11221855330604492 0.7777053415638931 0.3858969817673078 0.8709922313455041 -0.4701792631161945 0.8934472650603988 -0.03392401449963343 0.8440709909096581 0.28917044511317624
114 1482 0.014349367442329947 0 0.3728519729665174 0.5682939828054979 -0.13897641491301566 0.6107745783093393 0.3810705995424595 0.6681598727630691 -0.026830455468665353 0.6695449256091321 0.556680242546946 0.7379734993832057 0.012373748749049295 0.7374195561394199 0.5339338927944511 0.7749295299871223 -0.5500138762093126 0.8018221370766357 -0.10665888415529157 0.774836067989307 0.389781636345093 0.8591659843127258 -0.48594454463682324 0.8887132531199621 -0.03681157744984505 0.8510865717944577 0.2690434254471876
115 1495 0.01403930160343158 0 0.3863955353179577 0.5768450252979394 -0.15386061813615975 0.6254910969540438 0.35628130647424683 0.6857546025897312 -0.00982215387248786 0.6823704954505969 0.5612712919855242 0.7633471898868053 0.008803528328741822 0.7495277534469114 0.532209043306063 0.7920664669826081 -0.5606942065893394 0.7800648807816921 -0.10046996429882449 0.7687347412891993 0.38567092264006136 0.8562983974279698 -0.487547475358798 0.8977139524135381 -0.01996091800504015 0.863407971345868 0.2877289589625289
116 1508 0.013781065905384738 0 0.39078394045377113 0.5620621050402115 -0.15087160975508773 0.6234022763590921 0.3789234023430443 0.6766960159738669 -0.004169529913223217 0.6759277314749974 0.5523305116668418 0.7663920703211355 -0.017359487191614162 0.7327403920455631 0.4927528219529649 0.7678983402298613 -0.5711906904973431 0.7752720629177061 -0.08761620301637235 0.7755802786983909 0.3709010329353875 0.864280476945304 -0.4881463371157111 0.8921355462237645 -0.014048208670918058 0.8644631921012637 0.29285325666872386
117 1521 0.013578219464343629 0 0.3916340964689974 0.5627163803624382 -0.14548947971658902 0.6512260131367915 0.36914557040483253 0.7051366598826952 -0.001454653036157425 0.6762152328185104 0.5601631919982882 0.7540465076846788 -0.004547350641199613 0.7327077690650164 0.5330655592766463 0.7780578079375238 -0.5625005300680663 0.7745788784856459 -0.10634006510918174 0.7746059830521146 0.3706144715230099 0.8613339340645277 -0.49038248145456337 0.8866483621113808 -0.044752193843801455 0.8660556097325085 0.2805623788755305
118 1534 0.013357712285005232 0 0.39823815149005026 0.5931526530130649 -0.13074215680874973 0.6380289312028032 0.34629454178510494 0.6971394663225018 0.011954483985455601 0.6792408841707116 0.5473367406022033 0.7555501935292817 0.012780118515748038 0.7353855862803599 0.5474396744670414 0.7727645702452048 -0.5665359977527218 0.7661487257496514 -0.0850862204755708 0.7705241088324599 0.3934060462726496 0.8573879457021713 -0.49425503038150376 0.8887627994066358 -0.04505353569999067 0.8628779992264407 0.27725079893813986
119 1547 0.012664643746448219 0 0.3848480955843384 0.5710982844950087 -0.1279098290639505 0.6325324764172566 0.3817573658816114 0.6889556406147542 -0.010160499493156396 0.6722159526421434 0.5574569230193585 0.7294571944957915 -0.01730871641788241 0.7302000855745465 0.541307411908297 0.7693082795397271 -0.5555026600322398 0.762719737739335 -0.10215149547478214 0.7815190081545523 0.3570851873516272 0.8600150347185561 -0.48136840779837153 0.8859743086970043 -0.032853588153332426 0.869425326311694 0.28051358701801243
120 1560 0.012167010748608329 0 0.38616284501400183 0.5549847019404955 -0.1303647458438013 0.6376849231267716 0.35374794104225404 0.6914833393056907 -0.003015162922469444 0.683032588274777 0.551026655527721 0.7639153525404667 -0.030197778546370565 0.7449856737108786 0.5402254857229825 0.7778770689160672 -0.5497197575998317 0.7697487820244662 -0.08536653444057374 0.7746517902971505 0.3742599045672035 0.8572117569463463 -0.4946871527863537 0.8809320469186251 -0.031137559196181275 0.8811246593683482 0.2787469485451262
120 1560 0.012167010748608329 0 0.38616284501400183 0.5549847019404955 -0.1303647458438013 0.6376849231267716 0.35374794104225404 0.6914833393056907 -0.003015162922469444 0.683032588274777 0.551026655527721 0.7639153525404667 -0.030197778546370565 0.7449856737108786 0.5402254857229825 0.7778770689160672 -0.5497197575998317 0.7697487820244662 -0.08536653444057374 0.7746517902971505 0.3742599045672035 0.8572117569463463 -0.4946871527863537 0.8809320469186251 -0.031137559196181275 0.8811246593683482 0.2787469485451262
